-0.358543
0.119233
-0.087319
-0.002082
-0.007405
0.257040
-0.034471
-0.207628
-0.285319
-0.410245
0.027250
0.025831
-0.002919
0.003079
-0.140611
-0.188124
-0.000138
-0.000157
-0.186135
-0.480722
0.253651
0.370456
0.103849
-0.103324
-0.002115
-0.000379
0.073143
-0.001651
-0.822801
-0.000138
-0.112972
-0.121231
0.243967
-0.978647
-0.000200
-0.016310
0.159100
-0.254863
-0.272475
0.101569
-0.001587
-0.008516
-0.000530
-0.789698
-0.160155
-0.107029
-0.249546
-0.000188
-0.266136
-0.381459
-0.207609
-0.000217
-0.067132
-0.001354
-0.239676
-0.132814
-0.001129
-0.421080
0.035726
-0.151197
0.101929
-0.141876
-0.236025
-0.148801
1.289832
-0.100054
0.055841
0.164846
-1.027312
-0.001232
-0.123276
0.232382
-0.000114
-0.000752
-0.000183
-0.203488
-0.463061
0.023702
-0.124946
-0.000135
-0.078515
-0.000689
-0.961148
-0.125904
-0.000380
-0.002009
-0.000259
0.335891
-0.384049
0.080992
-0.226692
0.024434
-0.061279
-0.212540
-0.262244
-0.342837
-0.042289
-0.000308
-0.475076
-0.054051
-0.104536
-0.538696
-0.366387
-0.471186
0.178413
-0.000143
-0.291303
0.059912
-0.131308
-0.548841
-0.000189
-0.000185
-0.000804
-0.168341
-0.158031
-0.000095
-0.325950
-0.000174
-0.000116
-0.000077
-0.272875
-0.000339
-0.281572
-0.000643
0.328269
-0.846348
-0.037601
-0.144694
