0.146094 -0.035353 0.054285 -0.002485 -0.073239 -0.104388 0.007463 0.057189 0.047440 0.101931 -0.227680 -0.035988 0.002053 -0.253030 -0.002631 -0.059066 -0.000056 -0.000054 -0.088958 -0.188584 0.129390 0.052149 -0.015869 -0.116042 -0.001672 0.000015 0.089571 -0.000803 -0.080645 0.000006 -0.138576 -0.029059 -0.046345 -0.092130 0.000257 0.002451 0.117484 -0.137352 -0.041371 0.011018 -0.001226 0.108671 0.000308 0.060431 -0.138928 0.058266 -0.118440 -0.000084 0.016334 0.002593 0.078340 0.000115 -0.082397 0.000025 -0.042709 0.003027 -0.000225 -0.253457 -0.094458 0.124842 -0.076948 0.008214 -0.009643 0.022251 -0.218017 -0.084516 -0.004085 -0.105917 -0.152570 0.000870 -0.009935 -0.214164 -0.000105 -0.000267 0.000053 -0.124117 -0.014133 -0.083042 -0.092474 -0.000116 -0.073715 -0.000111 -0.145622 -0.168905 0.000193 0.002048 -0.000166 -0.214834 -0.149489 -0.015554 -0.108355 0.012473 -0.050420 0.088846 -0.196315 -0.023814 -0.071821 0.000302 -0.026032 -0.123043 -0.065621 -0.143806 -0.084261 0.007056 -0.124910 0.000135 0.245761 -0.221696 0.132045 -0.026416 0.000157 0.000267 -0.000136 0.124511 -0.090261 0.000300 0.087463 0.000062 0.000040 -0.000170 -0.096340 -0.000087 -0.113146 -0.000134 -0.053346 0.093966 0.016420 -0.002217
0.064215 -0.449189 -0.000007 0.002359 -0.254588 -0.230745 0.009235 -0.182202 -0.415822 -0.457748 0.068460 0.073224 -0.000540 0.489990 -0.204508 -0.436039 0.000203 -0.000020 0.145976 -0.437792 0.029179 0.057670 0.417538 0.076605 -0.000484 0.000122 -0.756961 0.000069 0.344023 0.000048 -0.513713 -0.166400 0.130110 -0.104203 -0.000281 0.005737 0.238104 -0.221273 0.288446 0.155615 -0.000130 -0.060210 0.000084 0.490649 -0.254074 -0.064344 0.480627 0.000292 0.003751 -0.082485 -0.162847 0.000325 -0.386874 0.000661 0.231160 0.231188 0.001320 -0.113620 -0.381358 0.085570 -0.344995 -0.834689 -0.125188 -0.100699 -0.170656 0.496394 -0.039338 -0.535603 -0.478541 0.001169 0.470477 0.243705 -0.000055 -0.000232 0.000081 -0.010613 -0.628458 -0.436268 -0.103515 0.000219 0.043164 0.000089 0.470806 0.099238 -0.000100 0.001319 -0.000054 -0.636845 -0.387678 -0.333254 -0.744982 -0.320466 0.154478 -0.042148 -0.409074 0.441732 -0.366053 0.000421 -0.570650 0.080541 -0.428344 -0.269450 0.425755 0.138017 -0.121436 0.000135 -0.198892 -0.251340 0.124879 -0.174092 -0.000032 0.000158 -0.000065 0.255535 0.052549 -0.000013 0.322004 -0.000058 0.000145 -0.000089 -0.038634 -0.000236 0.376838 -0.000369 -0.293250 -0.334460 -0.021969 -0.094289
0.003381 -0.001260 -0.000799 -0.001772 -0.006581 -0.033267 -0.001119 -0.002264 0.001261 -0.001655 -0.020443 -0.007082 -0.000123 -0.004486 -0.005058 0.001218 0.000171 0.000052 -0.004073 -0.011157 -0.002099 -0.005024 -0.001361 -0.008482 -0.000077 -0.000297 -0.002039 -0.000199 -0.003749 0.000170 -0.002235 0.000713 -0.006594 -0.009705 -0.000266 -0.005302 0.002892 0.001228 -0.005736 -0.002210 -0.000227 0.002006 0.000082 -0.001814 -0.005877 -0.002456 -0.002485 0.000052 -0.003116 -0.001193 -0.006216 0.000160 -0.015316 -0.000102 -0.001931 0.000995 -0.000159 -0.002908 -0.003723 -0.003275 -0.013957 -0.012911 -0.006009 0.000528 -0.027219 -0.001216 -0.001838 -0.003883 -0.003829 0.000362 -0.001008 -0.007116 -0.000009 -0.000008 0.000065 -0.004153 -0.005763 -0.030078 -0.002152 -0.000031 -0.003164 0.000082 -0.007990 -0.001919 -0.000086 -0.000096 -0.000142 -0.011787 -0.010985 -0.018027 -0.001805 -0.001755 -0.002647 -0.001033 -0.027637 -0.009972 -0.011475 -0.000229 -0.033138 -0.004233 -0.019669 -0.027866 -0.009158 0.000429 -0.007922 -0.000033 0.003905 -0.016185 -0.035032 -0.007238 -0.000137 0.000067 -0.000085 -0.001758 0.002204 -0.000127 0.001537 0.000107 -0.000039 -0.000227 0.000167 -0.000224 -0.015477 -0.000259 -0.006487 -0.000859 -0.013904 -0.005747
-0.000053 -0.000056 0.000164 -0.000062 -0.000068 -0.000216 0.000169 -0.000079 -0.000353 -0.001395 -0.000029 -0.000219 -0.000142 -0.000050 -0.000065 -0.000178 0.000254 0.000181 -0.000163 -0.000420 0.000086 -0.000491 -0.000178 -0.000078 0.000160 0.000038 -0.000229 -0.000046 -0.000292 -0.000059 -0.000146 -0.000113 -0.000276 -0.001299 0.000017 0.000033 -0.000222 -0.000276 -0.000741 -0.000604 -0.000221 0.000150 -0.000161 -0.000108 -0.000099 -0.000281 -0.000258 0.000154 -0.000284 -0.001141 -0.000153 -0.000009 -0.000039 -0.000219 -0.000116 0.000010 -0.000135 -0.000235 -0.001313 -0.000254 -0.000167 -0.000312 -0.000256 -0.000246 -0.001563 -0.000244 -0.000088 -0.000269 0.000002 -0.000283 -0.000015 -0.000259 -0.000278 -0.000229 0.000034 -0.000170 -0.000142 -0.000089 -0.000232 0.000294 -0.000262 0.000059 -0.001290 -0.000247 -0.000031 -0.000011 -0.000035 -0.000399 -0.000146 0.000116 -0.000251 -0.000074 -0.000633 0.000085 -0.000236 -0.000085 -0.000149 0.000071 -0.000229 0.000015 -0.000385 -0.000451 -0.000167 -0.000029 -0.000368 -0.000270 -0.000290 -0.001549 -0.000206 -0.000107 -0.000033 -0.000183 0.000119 -0.000126 0.000037 -0.000086 -0.000259 -0.000159 0.000064 0.000002 0.000034 0.000007 -0.000167 -0.000230 -0.000125 -0.000144 -0.000112 -0.000284
0.376042 -0.721226 0.123533 0.003135 -0.361131 -0.065405 -0.010187 -0.129568 0.069220 -0.646283 0.402928 0.345168 -0.000895 0.383299 -0.204006 -0.809743 -0.000195 0.000231 -0.884245 -0.049960 0.390343 0.377968 -0.033450 0.839410 -0.000074 -0.000338 -0.860868 0.000205 0.448363 0.000035 0.166111 -0.779466 0.088649 -0.100865 0.000149 0.012978 -0.018684 -0.133579 0.041751 0.238023 -0.000117 -0.349833 -0.000202 -0.742943 0.431993 0.062176 0.391456 -0.000042 -0.229583 0.224539 -0.540214 0.000144 -0.096378 0.000456 0.460013 -0.118452 0.000430 -0.234462 -0.399355 -0.550917 0.195623 -0.165883 -0.188481 -0.449250 0.024201 -0.434529 -0.545311 -0.655737 -0.484894 0.000120 -0.400938 0.346105 0.000151 0.000426 -0.000285 -0.805758 -0.448371 0.114572 0.551765 -0.000166 -1.359945 -0.000052 -0.918474 0.475156 -0.000085 0.000316 -0.000021 -0.540277 0.426998 -0.323260 -0.165781 -0.495331 -0.370506 0.109429 -0.352483 -0.048087 0.116067 -0.000128 -0.874615 -0.272552 -0.497829 0.296671 0.400749 0.016799 -0.218437 -0.000141 -0.758460 -0.965246 0.010659 0.227999 -0.000022 -0.000282 -0.000114 -0.019747 -0.457707 -0.000002 0.468760 -0.000174 -0.000004 0.000020 -0.547989 0.000131 0.453514 0.000419 -0.943323 0.368252 -0.070397 -0.198551
0.161569 -0.276651 0.571405 -0.000135 -0.185096 0.349884 0.016179 0.588568 0.369047 0.385630 -0.105656 0.470012 0.000307 -0.517660 -0.293889 0.155199 -0.000102 -0.000030 0.522256 -0.452344 -0.245624 -0.083169 -0.523730 0.238322 -0.001529 -0.000282 -0.238149 0.000322 -0.475989 0.000154 0.226689 -0.104580 -0.570350 -0.296368 -0.000096 -0.004686 -0.240754 -0.040461 -0.539429 -0.710763 0.000581 0.202844 -0.000338 0.449845 0.336638 0.217213 0.553664 -0.000134 0.095325 -0.128145 0.402564 0.000393 0.680458 0.000853 -0.311605 -0.244823 0.001143 -0.113745 -0.188195 -1.069625 0.069668 -0.651269 -0.022410 0.159982 -0.364885 0.494770 0.123254 -0.147522 0.627157 0.000784 0.319737 0.151839 -0.000193 -0.000451 -0.000177 0.003586 0.384753 0.315021 -0.208149 -0.000249 0.343481 0.000072 0.098450 0.330866 0.000014 -0.001105 -0.000046 -0.554412 0.018318 0.853616 -0.226997 -0.810768 -0.672727 -0.470575 -0.075507 -0.177065 0.145960 -0.000100 0.035886 -0.392685 -0.062944 0.747121 -0.340315 -1.430170 -0.757913 -0.000048 -0.262582 0.266716 -0.093014 0.165144 0.000205 -0.000231 -0.000126 -0.535631 -0.249978 0.000174 0.099406 -0.000012 0.000215 -0.000216 0.335108 0.000164 0.187655 0.000016 -0.230871 0.213417 0.026289 0.075920
-0.002165 -0.002759 0.000072 0.001791 -0.003446 -0.002237 -0.004512 -0.001657 -0.003910 -0.000878 0.002117 -0.001203 0.000789 -0.002610 -0.001680 -0.002864 -0.000215 0.000018 -0.002077 -0.005019 -0.001365 0.000024 0.000342 -0.000137 -0.000111 0.000307 -0.002240 0.000145 -0.001200 0.000213 0.000021 0.000653 -0.003880 -0.000436 0.000118 -0.000923 -0.000813 0.000028 -0.001678 -0.002931 -0.000230 0.000451 0.000377 -0.004740 -0.002919 0.000539 -0.002205 -0.000023 -0.001452 -0.003052 -0.000471 -0.000035 -0.001970 0.000415 0.000555 0.001069 0.000314 -0.002671 -0.001584 -0.004958 -0.005945 -0.006573 -0.001521 -0.000149 -0.005622 0.000804 0.001816 -0.001236 -0.003387 -0.000045 -0.000691 -0.000527 -0.000029 0.000032 0.000083 -0.000844 -0.005452 -0.002846 -0.003516 0.000033 0.000504 0.000189 -0.002933 -0.005844 0.000207 0.001287 -0.000004 -0.006871 -0.004523 -0.005334 -0.003963 0.000366 -0.006548 0.000143 -0.002746 0.000044 0.000107 -0.000200 -0.001839 -0.002827 -0.001375 -0.004178 -0.000864 -0.001535 -0.001571 -0.000129 -0.000899 -0.004714 -0.002262 -0.001096 -0.000132 0.000189 0.000309 0.001265 0.000388 -0.000034 -0.000415 -0.000212 -0.000233 -0.000129 -0.003211 0.000569 -0.001493 -0.000125 0.001020 -0.000701 -0.002166 0.001583
-0.401983 -0.167293 0.345757 -0.000366 -0.233160 -0.168058 0.000054 -0.131012 -0.049790 0.153980 -0.751969 0.109899 -0.000712 -0.614733 0.282322 0.065119 -0.000028 -0.000002 -0.853294 -0.021547 -0.017659 -0.071345 -0.085131 0.131245 0.000885 0.000126 0.399968 0.000068 0.111441 -0.000064 -0.242582 -0.377662 -0.503283 0.149918 0.000005 0.000675 0.355854 0.177071 0.412503 0.164295 -0.000835 -0.273714 -0.000011 0.162557 -0.150948 -0.284111 -0.153567 0.000003 -0.285568 0.484647 -0.307299 0.000194 -0.097618 -0.000371 0.078434 0.239953 -0.000508 0.476472 0.168441 -0.201515 -0.338269 -0.271917 0.018994 0.079865 -0.821906 0.215752 0.295685 -0.412256 -0.278878 -0.000998 -0.131102 0.002785 -0.000080 0.000157 -0.000155 -0.274699 0.054566 0.082504 0.215448 0.000155 -0.777734 0.000533 -0.321198 0.520304 -0.000020 0.000864 -0.000177 -0.083200 -0.376620 -0.060955 -0.198180 -0.297160 0.370266 0.071742 0.125272 0.583440 0.055167 0.000494 -0.393648 -0.015856 0.212451 -0.090849 0.600142 0.112820 -0.492140 -0.000147 -0.528389 -0.328859 0.247772 -0.312207 -0.000140 0.000000 0.000253 -0.152519 0.275788 -0.000041 0.341727 -0.000142 -0.000094 0.000176 0.202623 -0.000026 0.378259 -0.000271 -0.388910 0.020046 -0.560863 0.300209
-0.001732 -0.118300 -0.022611 -0.000768 -0.033399 -0.002553 0.005080 0.024595 -0.004250 -0.062269 -0.043457 -0.002700 -0.000765 -0.048803 0.015157 0.004407 0.000005 -0.000037 -0.048701 -0.109192 -0.054527 -0.048550 0.036000 0.017412 0.000429 -0.000294 0.035285 0.000347 -0.015318 -0.000122 -0.056843 -0.102170 -0.024453 0.025832 -0.000152 -0.010979 -0.061728 0.059622 -0.032077 -0.046871 0.000155 -0.011189 0.000125 -0.045122 -0.081950 -0.009732 -0.036136 0.000016 0.043000 -0.007995 -0.005247 0.000246 0.010201 0.000381 -0.021407 -0.011955 0.000532 -0.027617 -0.014599 -0.002489 -0.017310 -0.034182 0.009268 0.003562 -0.102035 -0.016390 -0.005025 -0.034533 0.002273 -0.000079 -0.030569 -0.095949 0.000009 0.000342 -0.000023 -0.040370 -0.050820 -0.015475 0.004012 0.000241 -0.037812 0.000126 -0.058833 -0.018293 -0.000139 0.000754 -0.000048 -0.124546 -0.105092 -0.014265 -0.082813 -0.036599 -0.079873 -0.000775 -0.073603 -0.054798 0.012132 0.000156 -0.004914 -0.019563 -0.096992 -0.028564 -0.083125 -0.133871 -0.050785 -0.000103 -0.024005 -0.005074 0.072927 -0.026311 0.000303 -0.000001 -0.000217 0.048285 -0.034521 0.000024 0.009799 0.000034 0.000156 0.000271 -0.103475 0.000481 -0.081810 -0.000368 0.043121 0.000117 0.026427 -0.033278
0.064633 -0.117246 -0.014448 -0.000766 -0.219855 0.079843 -0.001448 -0.041873 0.298359 0.006852 -0.216690 -0.081689 -0.001778 0.092729 0.246797 0.003845 0.000009 -0.000207 -0.116097 -0.167635 0.079143 0.149368 -0.003838 -0.084054 -0.000192 -0.000022 0.014065 -0.000593 -0.183190 -0.000047 0.041960 0.245963 0.072994 -0.002869 -0.000071 0.002686 -0.041092 0.067366 -0.019015 -0.139406 0.000537 0.001786 -0.000004 0.102715 -0.323386 -0.072000 -0.166705 0.000074 -0.051447 0.008899 -0.089244 0.000035 -0.002443 -0.000146 -0.016538 0.064885 0.000055 0.051735 -0.099345 0.154881 -0.037575 0.001053 -0.001880 0.110388 -0.335413 -0.003175 0.043560 0.051864 -0.052295 0.000330 0.082632 -0.308743 -0.000059 -0.000169 0.000171 -0.074516 0.108044 0.208543 -0.037060 -0.000020 -0.035833 -0.000015 -0.013898 0.027540 -0.000148 -0.000108 -0.000276 -0.320878 -0.014133 -0.059399 0.115624 0.165377 0.205285 0.121091 -0.033014 -0.018629 -0.105413 0.000078 -0.362112 0.343964 -0.055290 -0.077812 -0.126014 -0.126173 0.040920 0.000281 0.171342 0.002754 0.033064 0.073824 -0.000189 -0.000297 -0.000325 0.008494 -0.030986 0.000043 0.105576 -0.000132 0.000065 -0.000022 -0.024947 -0.000168 -0.014810 -0.000228 -0.057546 0.187093 -0.080963 0.137138
-0.042354 -0.267805 0.015749 -0.000631 -0.663194 -0.268751 -0.008601 0.269798 0.131650 -0.394199 -0.235248 -0.418845 -0.000604 -0.322218 -0.172007 -0.367362 0.000287 0.000139 -0.792272 0.165992 -0.345597 -0.239243 -0.036549 0.018725 -0.000671 0.000063 0.064340 -0.001322 0.335564 -0.000266 -0.168249 -0.262419 -0.222271 0.037171 -0.000390 -0.005708 0.006275 0.095586 -0.359762 0.110504 0.000460 0.003821 -0.000110 -0.293188 -0.121791 0.434799 -0.061174 0.000149 -0.140886 -0.418210 -0.314057 0.000196 -0.060324 0.001217 0.113495 -0.116726 0.001607 -0.198479 -0.183385 -0.191986 0.073539 -0.186703 0.005367 -0.318107 -0.465999 0.120519 -0.180450 -0.852726 0.004585 0.000202 -0.078668 -0.560413 -0.000039 -0.000282 0.000059 -0.142954 -0.264308 -0.364894 0.169250 0.000185 -0.506087 0.000159 -0.104275 0.083248 0.000324 0.000098 0.000217 -0.302202 -0.238779 0.015365 0.402923 0.184783 -0.304210 -0.035318 -0.044402 0.338132 -0.149002 0.000139 -0.350028 0.246691 -0.193434 0.077335 -0.499569 0.151151 0.039193 -0.000054 -0.218751 -0.228161 -0.006469 0.426157 -0.000200 -0.000043 -0.000152 0.432474 -0.084743 0.000215 -0.306542 -0.000028 0.000301 -0.000233 -0.087529 -0.000027 -0.322450 -0.000273 0.035947 -0.497711 -0.649358 -0.132249
-0.000027 -0.001067 -0.000081 0.000022 -0.000235 -0.000092 -0.000267 -0.000227 -0.000260 -0.000045 -0.000201 -0.000103 -0.000241 -0.000170 -0.000322 -0.000098 0.000154 -0.000177 -0.000005 -0.000048 -0.000269 -0.000179 -0.000241 0.000172 -0.000143 -0.000013 -0.000170 0.000041 -0.000062 -0.000040 -0.000050 -0.000070 -0.000304 -0.001066 0.000194 -0.000188 -0.000303 -0.000202 -0.000536 -0.000135 0.000037 -0.000094 -0.000291 -0.000181 -0.000715 0.000011 -0.000269 0.000164 -0.000002 -0.000209 -0.000064 0.000023 -0.000264 -0.000201 -0.000057 -0.000304 -0.000223 -0.001082 -0.000189 -0.000036 -0.000161 -0.000185 -0.000199 0.000003 -0.000279 -0.000082 -0.000302 -0.000123 0.000016 -0.000147 -0.000100 -0.000177 -0.000258 -0.000292 -0.000039 -0.000224 -0.000204 -0.000192 -0.000152 -0.000028 -0.000205 -0.000029 -0.000195 0.000026 -0.000152 -0.000237 -0.000166 -0.000475 -0.000038 -0.000135 -0.000043 0.000012 -0.000140 -0.000269 -0.000173 -0.000005 -0.000287 -0.000093 -0.000070 -0.000104 -0.000198 -0.001157 -0.000111 -0.000202 -0.000004 -0.000211 -0.000266 -0.000164 0.000016 -0.000107 -0.000181 0.000021 -0.000019 -0.000091 0.000024 0.000021 -0.000059 0.000280 0.000192 -0.000209 -0.000087 -0.000210 -0.000020 -0.000063 -0.000029 0.000034 -0.000304 -0.000067
-0.018979 -0.349580 0.021279 -0.000165 -0.147213 -0.413632 -0.002676 0.008072 0.024632 -0.030310 -0.113483 -0.268474 -0.000109 -0.494299 -0.009429 -0.000953 0.000052 -0.000210 0.009716 -0.166304 -0.134647 0.051952 -0.050219 -0.091378 0.001224 -0.000096 -0.119414 -0.000415 -0.165338 0.000019 -0.112408 -0.185065 0.106631 -0.197067 -0.000241 -0.010978 0.041752 -0.125069 -0.305468 -0.206082 -0.000222 -0.421515 0.000049 -0.155048 -0.207199 0.129936 -0.363696 -0.000079 -0.026571 -0.012027 -0.134813 0.000380 0.005125 0.000246 -0.220490 0.025489 -0.000522 -0.133069 -0.037593 0.054191 -0.037713 0.061874 -0.059269 -0.178260 -0.386749 -0.047841 -0.121593 0.036134 -0.074684 -0.001253 -0.113538 -0.195990 -0.000219 0.000209 0.000146 -0.330822 -0.164920 -0.193048 -0.196681 0.000160 -0.329333 0.000028 -0.198947 0.072694 0.000248 0.000279 0.000085 -0.262192 -0.225467 -0.285461 0.034828 -0.041216 -0.151697 0.196234 -0.264070 -0.049947 -0.058832 0.000314 -0.029788 0.033151 -0.176128 -0.109223 -0.178920 0.236773 -0.107582 0.000022 0.110511 -0.002501 0.111344 0.037790 -0.000046 0.000068 0.001078 -0.037055 -0.064702 -0.000034 0.037715 -0.000245 0.000043 -0.000066 -0.178140 -0.000011 -0.261235 -0.000116 -0.202416 -0.085471 -0.180929 -0.280652
-0.352712 -0.420159 0.040520 0.000931 -0.192214 0.396784 0.003661 -0.448432 -0.249232 -0.291436 0.241753 -0.203412 0.000255 -0.250586 0.695643 0.585776 0.000016 0.000039 0.180814 -0.544762 0.236693 0.234442 0.270954 -0.017748 -0.001577 0.000132 -0.094876 -0.000881 -0.023183 0.000202 0.146472 0.289866 0.273413 0.015380 0.000241 -0.006322 0.142398 0.063529 0.272439 -0.272437 0.000763 0.210597 -0.000026 0.000134 0.106423 0.597536 -0.265892 0.000204 0.193166 0.045854 -0.403955 -0.000461 -0.227094 0.000482 0.814642 0.496406 0.000405 -0.054961 -0.336119 0.114654 0.105261 0.193230 -0.087034 0.702364 -0.441666 0.241364 0.110179 0.194761 0.121022 -0.000643 0.023465 -0.420410 -0.000123 -0.000371 0.000285 0.146392 0.028272 0.012963 -0.131534 -0.000259 0.041430 -0.000164 -0.012491 0.448757 0.000056 0.001376 -0.000103 -0.566980 -0.222364 -0.275822 0.263115 -0.479863 -0.113047 0.252177 -0.429792 -0.241796 -0.084948 0.000113 0.002253 0.759084 0.391482 0.020244 -0.105067 0.380349 -0.194938 -0.000037 0.007917 -0.471754 0.297307 -0.302415 0.000295 0.000082 -0.000448 0.402129 0.455533 -0.000305 -0.302926 -0.000128 -0.000040 -0.000188 0.091246 0.000272 0.385999 0.000224 0.330960 0.425787 0.053837 0.134766
0.244845 -0.306814 0.046811 -0.002097 -0.143311 0.055799 0.026729 0.362918 0.028022 0.140256 0.248240 0.121107 -0.001367 0.261672 0.022384 0.278377 -0.000057 -0.000104 -0.008776 -0.248155 0.359779 -0.023145 0.116417 0.099577 0.000017 -0.000019 -0.195772 0.000229 -0.235560 0.000117 0.220988 -0.045333 -0.120486 -0.247127 -0.000126 -0.027210 0.496078 -0.016803 -0.258294 0.366651 -0.001114 0.165695 -0.000091 -0.262421 0.051784 0.184972 -0.331179 -0.000183 -0.477533 -0.357527 -0.163045 -0.000077 -0.139752 -0.000042 0.262134 0.010930 0.001012 -0.220492 -0.033129 0.098027 0.377648 0.269123 -0.022501 -0.143373 -0.531284 0.045634 -0.186787 0.132626 -0.089885 -0.000858 0.124212 -0.507430 -0.000271 -0.000081 -0.000084 -0.086098 -0.222173 -0.169293 -0.326511 -0.000169 -0.305347 0.000047 0.066375 0.099659 -0.000606 -0.001392 -0.000199 -0.376326 -0.230165 0.119007 -0.197915 -0.019232 -0.173816 0.159588 -0.435567 -0.332469 0.127200 -0.000158 -0.064065 -0.143127 -0.096302 -0.164074 -0.170343 -0.227583 0.298543 -0.000034 -0.031197 0.136863 0.011473 -0.149953 0.000025 -0.000232 -0.000168 0.855814 -0.039244 0.000173 -0.155359 0.000032 -0.000025 -0.000142 -0.086963 -0.000036 0.046357 0.000014 -0.153685 -0.069785 -0.015181 -0.070108
0.222523 0.267433 0.516683 0.000378 -0.119837 0.056583 -0.001731 0.362553 -0.229805 0.124723 -0.283772 -0.302110 -0.002124 -0.231908 0.133402 -0.228853 -0.000131 -0.000233 -0.532615 -0.546736 0.511595 0.107583 0.090415 -0.136137 -0.001002 0.000012 -0.351780 -0.001088 -0.473482 0.000124 -0.252711 0.014576 -0.126467 -0.281700 0.000038 -0.002055 0.228221 -0.213798 -0.545551 0.215655 -0.000079 0.045497 0.000166 -0.094161 -0.079379 -0.432161 0.189410 0.000019 0.094803 -0.198950 0.258601 -0.000267 0.127942 0.000234 -0.400665 -0.030274 -0.000048 0.226575 -0.124728 0.352605 -0.485361 -0.015164 -0.067295 0.277017 -0.747512 -0.707018 -0.120984 0.266928 -0.122175 0.000101 -0.078416 -0.615271 -0.000153 0.000084 0.000021 -0.321065 0.230810 0.100473 0.242622 0.000117 -0.248239 -0.000002 -0.088461 -0.035335 0.000098 -0.000934 0.000120 -0.280486 0.077555 0.808180 -0.050137 -0.060454 -0.030360 -0.023066 -0.081547 0.309270 -0.354762 -0.000139 0.531496 -0.010227 0.056681 0.049367 -0.330249 0.070102 -0.049824 0.000103 -0.173216 -0.406898 -0.104245 -0.355054 0.000230 0.000054 0.000455 0.258793 -0.287084 -0.000083 -0.138672 -0.000219 -0.000004 -0.000056 -0.084768 0.000270 -0.010518 -0.000201 0.032713 -0.238027 -0.091241 -0.160067
0.135267 -0.496326 -0.005189 0.002884 -0.242420 0.190679 0.016619 -0.109191 0.145676 0.007688 0.100892 -0.099019 0.000778 -0.450058 0.485684 0.236326 0.000094 0.000062 -0.067228 -0.464145 0.309059 0.070483 0.301690 0.077641 0.000660 0.000301 0.301490 -0.000030 -0.331993 -0.000112 -0.251292 0.178248 0.145990 0.211839 -0.000142 0.001165 0.011114 0.149721 -0.360831 -0.339348 -0.000379 -0.065533 -0.000412 0.113032 -0.178313 0.179566 -0.198825 -0.000006 0.020314 0.288003 -0.118807 0.000200 0.043397 0.000455 0.446086 0.028633 -0.001104 0.062728 -0.597313 -0.007561 -0.305378 0.385821 -0.006233 0.755186 -0.263182 -0.443786 0.034778 -0.269887 -0.288719 -0.000303 0.244435 -0.256925 -0.000038 0.000309 -0.000059 -0.335529 0.167776 -0.218613 -0.109701 0.000168 0.463711 -0.000004 -0.375883 0.037606 -0.000312 -0.000520 -0.000012 -0.245467 0.101489 -0.018861 -0.452333 1.491697 0.327095 0.064209 -0.258899 -0.501951 -0.691839 0.000045 0.000662 -0.021528 -0.128494 -0.017385 -0.473163 -0.571165 0.126369 0.000095 -0.054689 -0.005974 -0.286876 -0.169819 -0.000083 0.000212 -0.000005 0.106245 0.206924 0.000043 0.296205 -0.000072 -0.000108 0.000018 0.578026 -0.000107 0.294824 -0.000029 0.204794 0.169382 -0.083083 -0.257644
-0.000025 -0.000341 -0.000079 -0.000223 -0.000056 -0.000234 -0.001223 -0.000750 -0.000828 0.000156 -0.000683 -0.000382 0.000020 -0.001199 -0.000268 -0.000196 0.000065 0.000172 -0.000660 -0.001255 0.000005 -0.001356 -0.000134 -0.000639 0.000116 0.000132 -0.000321 -0.001142 -0.000343 -0.000131 -0.000119 -0.000633 -0.001119 -0.000202 0.000069 -0.000007 -0.000576 -0.000052 -0.001222 -0.001519 -0.000130 0.000229 -0.000144 -0.000706 -0.001399 -0.000093 -0.000563 0.000119 -0.000067 -0.001848 -0.000626 -0.000302 -0.001067 -0.000129 -0.001015 0.000054 -0.000702 -0.001182 -0.001119 0.000239 -0.000645 -0.000179 -0.000894 -0.000622 -0.001589 -0.000082 -0.000032 -0.000491 -0.000433 -0.000432 -0.000288 -0.001235 0.000061 -0.000281 -0.000005 -0.000774 -0.001075 -0.000078 -0.000923 0.000105 -0.000532 0.000126 -0.000126 -0.001405 -0.000321 0.000031 -0.000130 -0.000965 -0.000350 -0.000002 0.000180 -0.000350 -0.000452 -0.000399 -0.000374 -0.001075 -0.000468 -0.000010 -0.000030 -0.001257 -0.000105 -0.000829 -0.000966 -0.000199 -0.001952 0.000018 -0.000739 -0.001035 -0.001017 -0.000375 -0.000044 0.000084 -0.000280 0.000551 -0.000132 0.000153 0.000199 -0.000089 0.000085 -0.000051 -0.000791 -0.000236 -0.000125 0.000169 -0.000306 -0.000100 -0.001364 -0.000986
0.104678 -0.181902 0.040808 -0.001324 0.046322 0.036278 -0.009723 -0.077657 -0.257509 -0.067322 -0.139435 -0.020275 0.000588 -0.612127 0.259472 0.007698 -0.000021 -0.000118 -0.196943 -0.343734 0.152464 0.073263 0.358371 0.178988 -0.000005 -0.000136 -0.090411 -0.000060 0.326021 -0.000058 -0.071298 -0.180631 0.080691 -0.370796 0.000048 -0.011569 0.218979 -0.193990 0.157871 -0.144801 -0.000113 -0.187152 -0.000126 -0.179154 -0.239296 0.126540 -0.231702 -0.000036 0.065905 0.015194 -0.469504 -0.000040 0.024635 0.000066 -0.007664 0.023092 -0.000936 -0.131730 -0.191782 -0.039751 -0.134455 -0.413606 0.183373 0.273701 -0.734055 0.242454 -0.086500 -0.463936 -0.214542 0.000021 0.153351 -0.152482 -0.000244 -0.000641 -0.000010 -0.063497 -0.392673 -0.494278 0.003002 0.000101 -0.291492 -0.000179 0.021411 0.294924 -0.000023 -0.000009 -0.000123 -0.517474 0.019399 -0.006258 0.090671 -0.131886 -0.096200 0.017732 0.108331 -0.251679 -0.213082 -0.000044 -0.384983 0.189793 -0.214792 -0.170744 -0.258211 -0.112449 -0.062219 -0.000113 0.084300 -0.403813 -0.235305 0.046808 -0.000195 -0.000152 0.000224 -0.186681 0.261328 0.000144 0.012712 -0.000094 0.000057 -0.000143 0.012638 -0.000168 0.332544 0.000115 -0.148070 0.339630 0.004961 0.073718
0.033139 -0.007955 -0.296857 -0.001389 0.218637 0.897509 0.025119 -0.055133 -0.255478 -0.740483 0.495800 -0.504562 -0.001592 0.298548 0.405116 -0.074680 -0.000273 -0.000112 -0.334502 -0.309709 -0.442968 0.177594 0.221619 -0.334065 -0.001011 0.000217 -0.412011 -0.000511 -0.487407 -0.000112 -0.563140 0.188123 0.463365 -0.636484 -0.000092 -0.004183 -0.436519 0.353388 0.132796 0.398172 -0.001079 0.397484 -0.000029 -0.507376 -0.276339 0.794867 -0.142060 -0.000049 -0.215275 0.080864 0.323653 -0.000330 -0.510204 0.000056 -0.643151 0.316869 -0.001008 0.417786 0.423227 0.300188 0.604116 0.445240 0.160634 -0.709262 -0.009850 0.009449 0.606890 -0.382146 -0.450456 -0.000052 -0.487095 -0.137347 0.000014 -0.000288 -0.000013 0.277617 0.058557 0.638668 -0.315537 0.000060 -0.571119 -0.000094 -0.229006 0.000665 -0.000118 0.002723 0.000139 -0.196778 -0.566726 -0.144242 0.775103 0.122597 0.125938 0.002738 -0.109541 -0.673338 0.856957 0.000102 -0.085806 0.803690 0.176579 -0.604877 0.401512 0.457519 -0.004209 -0.000225 -0.347399 -0.388577 0.760654 -0.605073 -0.000239 -0.000127 0.001117 0.250400 0.400355 -0.000274 0.045405 -0.000255 -0.000288 0.000294 0.001418 0.000190 -0.044645 0.000288 0.592916 -0.167016 0.463295 -0.602717
0.268190 0.033274 -0.213208 -0.001106 -0.208435 0.538935 0.039351 0.202253 -0.147088 -0.158413 -0.226798 -0.164671 -0.000814 -0.744727 0.030698 -0.028138 0.000297 -0.000366 0.393553 -0.448598 0.422875 -0.312551 -0.164476 -0.241357 0.001397 -0.000365 -0.106668 -0.000206 -0.544547 -0.000148 -0.017377 -0.598960 -0.119599 0.128669 -0.000062 -0.017702 0.287019 0.046151 0.351643 0.155804 0.000332 -0.176541 0.000005 0.027294 -0.081608 -0.375855 -0.182822 0.000100 0.020453 -0.071335 -0.283718 -0.000298 0.036331 0.001154 -0.113710 0.249196 0.000356 -0.038301 -0.365624 0.284659 -0.066989 -0.012662 -0.071478 0.301575 -0.182033 -0.055840 0.749746 -0.307211 0.008592 -0.000242 -0.493878 -0.184991 -0.000133 -0.000269 0.000008 -0.114998 -0.027343 -0.277388 -0.221347 0.000185 0.022650 0.000063 -0.151315 -0.000274 0.000052 -0.000767 -0.000138 0.127277 0.047759 0.038985 0.157247 -0.032794 0.146935 0.030339 -0.128286 -0.111917 -0.252226 -0.000096 -0.338414 -0.183029 -0.067205 -0.321619 -0.303331 -0.081529 0.298146 -0.000474 0.035508 -0.095968 -0.140562 -0.187926 -0.000016 -0.000101 0.000379 0.493040 -0.371798 -0.000032 0.145668 -0.000112 -0.000072 0.000283 0.207475 0.000242 0.090208 0.000115 0.394513 -0.190657 -0.251935 0.140391
-0.001583 0.041262 -0.137181 -0.000306 -0.051181 -0.158120 -0.011867 0.116031 -0.286770 -0.045376 -0.122885 -0.007853 -0.000134 -0.103177 0.047505 -0.115071 -0.000054 0.000236 -0.109603 -0.096861 -0.052359 -0.227264 0.053349 -0.143604 -0.000274 0.000042 0.056140 -0.000811 -0.350175 0.000073 -0.264694 -0.131761 -0.027448 -0.051934 0.000016 0.000050 0.007990 0.094096 -0.309061 -0.275625 0.000007 -0.067329 0.000196 -0.021996 -0.146730 0.062299 -0.167469 -0.000138 -0.148398 -0.015109 -0.192314 -0.000080 -0.190523 -0.000050 0.052970 -0.007303 -0.000092 -0.030662 -0.007529 0.022537 -0.076357 -0.150218 0.049393 -0.009967 -0.496985 -0.065917 -0.107726 -0.103893 -0.156600 0.000042 -0.113682 -0.212825 -0.000192 -0.000394 0.000189 -0.211663 -0.189538 -0.292509 -0.123493 0.000095 -0.062887 -0.000036 -0.222139 -0.068025 -0.000150 -0.000161 0.000291 -0.401075 -0.083169 0.071906 -0.224415 -0.278704 -0.290953 0.063087 -0.002032 0.121737 -0.360151 0.000004 -0.093522 -0.060554 0.082236 -0.068725 -0.162200 -0.090983 -0.257836 -0.000180 0.035812 -0.354590 -0.117949 -0.027758 0.000176 0.000083 0.000046 0.013004 -0.289147 0.000008 -0.010702 0.000024 -0.000161 -0.000019 -0.037745 0.000125 -0.027547 0.000123 0.107708 0.005584 -0.150752 -0.052294
0.127777 0.062484 -0.220736 0.000631 -0.230601 -0.471240 -0.010632 0.458640 -0.203386 -0.091904 -0.610420 -0.696658 0.000034 -0.661222 -0.307851 -0.553490 0.000108 0.000033 -0.366893 -0.221947 -0.279508 0.536973 -0.209542 -0.731632 0.000066 -0.000027 -0.196806 0.002334 0.056352 -0.000008 -0.471657 -0.195853 0.691616 -0.439425 -0.000107 0.000950 -0.788080 0.084216 0.771328 0.053932 0.000453 -0.741993 0.000176 -0.313724 -0.721295 -0.224175 -0.341011 0.000098 -0.662614 0.465108 -0.285186 0.000229 -0.320115 0.000427 -0.120195 0.080101 -0.000733 -0.101868 -0.388792 -0.179930 -0.358227 0.052078 -0.005345 -0.506141 0.535950 -0.424041 -0.381705 0.053377 -0.516626 -0.000607 -0.650638 0.263717 0.000251 0.000311 0.000080 -0.614027 -0.150517 0.037137 -0.504571 -0.000247 -0.431822 -0.000119 -0.143827 -0.241957 0.000079 0.001413 0.000227 -0.046476 -0.109521 0.074763 -0.323426 -0.846008 0.138247 -0.103722 -0.025855 0.125645 0.162091 -0.000208 -0.077842 -0.166117 -0.396562 -0.384171 -0.714520 -0.086257 -0.521650 -0.000202 -0.509133 0.143786 -0.153664 -0.492694 0.000213 -0.000010 0.000016 0.222918 -0.158753 0.000169 0.018296 0.000097 0.000025 -0.000027 -0.299467 0.000043 -0.367268 -0.000133 -0.128867 -0.643036 -0.390382 -0.037916
-0.018139 -0.003526 -0.003722 -0.000794 -0.036298 0.039253 -0.016652 -0.081339 -0.095343 -0.056634 -0.056285 -0.017081 0.000128 -0.006966 -0.000595 -0.066932 0.000266 0.000303 -0.027092 -0.090935 -0.036594 -0.029400 -0.012667 0.025055 -0.000803 0.000138 -0.032649 0.000254 -0.096084 -0.000160 -0.023882 -0.057696 0.002484 -0.105540 -0.000154 0.012330 -0.015256 0.017344 0.042777 -0.028452 -0.000011 -0.048694 0.000427 -0.015358 -0.014266 -0.001059 -0.142077 0.000054 -0.078158 0.001274 -0.001823 -0.000010 -0.049994 0.000591 -0.054377 -0.024112 -0.000143 -0.026568 -0.028745 -0.039245 0.004112 -0.060988 0.030773 -0.051155 -0.127376 0.004278 0.085367 -0.056628 -0.082810 0.001043 -0.007276 -0.116206 0.000206 -0.000261 -0.000160 0.017701 -0.009474 -0.039198 -0.021471 -0.000055 -0.030837 -0.000025 -0.025158 -0.016772 -0.000265 0.000261 -0.000065 -0.042035 -0.026915 -0.055841 -0.004603 -0.030120 -0.106611 -0.005118 -0.113655 -0.052452 0.005457 -0.000088 -0.021839 0.016659 -0.022313 -0.082486 -0.057141 -0.057099 -0.006285 0.000072 0.017553 -0.158069 -0.069935 -0.031155 0.000147 0.000211 -0.000288 -0.003473 -0.113718 0.000003 0.002900 -0.000075 0.000255 0.000122 -0.132766 0.000004 -0.031645 0.000033 -0.024638 -0.017573 -0.049811 -0.048911
-0.000312 -0.000422 -0.000099 -0.000655 -0.001234 -0.000249 -0.001497 -0.000109 -0.000046 -0.002593 -0.001127 -0.001392 -0.000552 -0.001205 -0.000901 -0.000298 -0.000008 0.000019 -0.002037 -0.000856 -0.000383 -0.000272 -0.000571 -0.000404 -0.000091 0.000260 -0.000013 -0.000394 -0.001001 0.000092 -0.000530 -0.000441 -0.000545 -0.001528 0.000291 0.000185 -0.000907 -0.000881 -0.000350 0.000656 0.000035 0.000045 0.000318 -0.001801 -0.001276 0.000398 -0.000865 -0.000180 -0.000022 -0.000911 -0.000179 -0.000238 -0.000306 0.000011 -0.000230 -0.000362 -0.000620 -0.001021 -0.001141 -0.000637 -0.000714 -0.001245 -0.001102 -0.000376 -0.003366 -0.001219 -0.000273 -0.000690 -0.000958 -0.000254 -0.000339 -0.000312 -0.000014 -0.000233 -0.000066 -0.000525 -0.000139 -0.000822 -0.000643 0.000069 -0.000030 -0.000234 -0.003452 -0.000724 0.000600 -0.000061 -0.000257 -0.000831 -0.000594 -0.000154 -0.000379 -0.000745 -0.001427 0.000002 -0.000527 -0.003374 -0.000074 -0.000049 0.000360 -0.001884 0.000076 -0.001657 -0.001027 -0.000416 -0.000507 -0.000097 -0.000810 -0.001988 -0.000033 -0.000471 -0.000018 -0.000014 -0.000848 0.000285 -0.000421 -0.000251 -0.001276 -0.000183 0.000040 -0.000078 -0.000451 -0.000240 -0.000505 0.000292 -0.000480 -0.000218 -0.000953 0.000297
-0.328872 0.015249 -0.097945 -0.000389 0.340733 0.679862 0.011816 -0.140485 -0.029785 -0.027317 0.041780 -0.070898 -0.000123 0.287714 -0.237594 -0.285972 -0.000095 -0.000351 -0.296276 -0.130370 -0.010256 -0.363117 0.237452 -0.035669 -0.001080 -0.000197 -0.098997 0.000306 -0.396747 0.000126 -0.232739 0.003305 0.098495 -0.371046 0.000439 -0.012697 -0.142955 -0.222504 -0.142746 0.344906 0.001415 0.134414 0.000033 0.129036 -0.166273 -0.221806 -0.198579 -0.000115 0.332374 0.165661 0.006064 -0.000183 0.117234 -0.000330 0.131827 0.116122 0.000184 -0.191681 -0.118781 0.107688 -0.266013 -0.060762 -0.040043 -0.279308 -0.476684 -0.283057 0.387171 0.041091 -0.053053 0.000531 -0.091154 -0.496826 -0.000168 -0.000632 0.000172 0.036367 -0.109273 0.098209 -0.424351 0.000013 -0.149270 -0.000353 -0.380890 -0.194800 0.000056 0.001196 -0.000234 -0.209691 -0.164610 0.114081 0.148954 -0.011587 0.040331 -0.105581 -0.160093 0.271523 0.562237 -0.000143 0.183988 0.392807 0.187589 -0.360861 -0.026671 0.003152 -0.121672 -0.000073 0.179826 -0.303676 0.618144 -0.250007 -0.000031 0.000058 0.000410 0.277038 -0.073553 -0.000131 -0.011119 -0.000071 -0.000147 0.000130 -0.068121 0.000276 0.163159 0.000124 0.248400 -0.124928 0.619658 -0.365496
-0.091353 -0.047598 -0.037031 0.000031 -0.011858 -0.021214 0.010051 -0.012045 0.011215 0.015755 -0.062570 -0.008792 0.001189 -0.037663 -0.001547 0.018811 -0.000006 -0.000066 -0.093711 -0.194554 -0.149331 -0.077816 -0.016919 -0.166435 0.001867 0.000093 -0.025061 0.001542 -0.017242 -0.000025 -0.040800 -0.065031 -0.073292 -0.028436 -0.000156 -0.002780 -0.045927 0.001845 -0.085215 0.030089 -0.000581 0.041194 -0.000179 -0.014491 -0.116525 0.075237 0.001154 -0.000084 -0.021264 0.033006 -0.056725 0.000166 0.003295 0.000537 -0.002304 -0.016315 0.001210 -0.006684 -0.043558 0.109797 -0.063749 -0.083881 -0.011485 -0.092841 -0.166482 -0.018288 -0.044767 -0.185673 -0.111340 0.000182 0.033082 -0.112130 -0.000235 -0.000093 -0.000214 -0.003476 -0.054946 -0.063343 -0.043530 0.000003 -0.063202 -0.000285 -0.123667 -0.043978 0.000143 0.000797 0.000150 -0.083826 -0.172456 -0.079035 -0.062933 -0.015022 -0.146567 -0.039041 -0.080200 -0.015948 -0.113635 -0.000280 -0.033954 0.059822 -0.019681 -0.074411 -0.076261 -0.008322 -0.181170 0.000082 -0.017240 -0.209518 -0.040205 -0.055031 -0.000077 -0.000013 0.000272 -0.002909 -0.074273 0.000104 0.074970 0.000281 -0.000025 0.000107 0.038777 0.000042 -0.049713 -0.000059 -0.105614 -0.018288 -0.046291 -0.090674
-0.034287 -0.303317 0.007634 -0.000044 -0.071463 -0.077528 0.033796 0.069822 0.125188 -0.112921 -0.003579 -0.179180 -0.001193 -0.011612 0.172264 -0.228131 -0.000009 0.000018 -0.545109 -0.367750 0.026769 -0.253292 0.113506 0.014792 0.000017 0.000327 -0.001546 -0.000509 -0.173619 0.000026 -0.233946 -0.172585 0.015161 -0.074755 -0.000066 0.018909 -0.228359 0.033834 -0.270514 -0.197231 -0.000046 -0.022195 -0.000172 -0.792611 -0.179520 -0.049967 -0.319429 0.000033 0.111253 0.097244 -0.395848 -0.000336 -0.082697 0.000330 -0.151501 0.098552 0.000454 0.171712 -0.155100 0.005326 0.118419 -0.144333 0.006618 -0.042888 -0.575371 -0.146448 -0.077847 -0.065772 -0.184839 -0.000222 -0.106274 -0.326235 -0.000039 0.001060 0.000094 -0.255603 0.135020 -0.428402 -0.174631 -0.000200 -0.180990 -0.000053 -0.341716 0.067146 0.000027 0.000770 0.000247 -0.543299 -0.297597 -0.120019 -0.228601 -0.169914 -0.228736 0.170065 -0.005038 -0.311675 -0.046184 -0.000111 -0.457800 -0.069121 -0.191139 -0.386636 -0.297941 0.200046 -0.428809 -0.000063 0.056903 -0.373363 0.393736 -0.132788 0.000108 -0.000209 0.000517 0.031514 0.220879 -0.000017 0.025745 0.000115 -0.000010 0.000179 -0.064369 0.000112 -0.239126 0.000007 0.026498 -0.165864 0.108244 0.015948
0.322478 -0.361517 -0.056614 0.000029 0.261306 -0.157335 0.002315 -0.324390 0.462279 0.196310 -0.171212 -0.153571 -0.001292 -0.437428 0.093460 0.286708 0.000036 -0.000014 -0.554643 -0.055582 -0.006669 -0.323096 -0.173404 -0.130497 0.000149 0.000112 -0.249947 0.000750 0.058252 -0.000070 -0.277362 -0.086051 0.051628 -0.505827 -0.000298 -0.005055 0.098295 0.270867 -0.077047 0.055916 -0.000166 0.036163 -0.000003 -0.226954 -0.102212 -0.478613 -0.295284 -0.000134 0.046385 0.146460 -0.403774 0.000019 -0.283863 -0.000072 -0.250517 0.143569 -0.000990 -0.098769 -0.279251 0.366270 0.274037 0.152589 -0.046441 -0.017262 -0.491745 -0.138954 -0.036895 -0.110827 0.233698 -0.000280 -0.062329 -0.512629 0.000048 -0.000157 -0.000276 0.124845 0.178113 0.055791 -0.308416 0.000014 -0.274264 -0.000038 -0.190020 0.023286 -0.000116 0.000010 -0.000115 0.089583 -0.216506 -0.066192 0.323255 0.151358 0.074482 -0.282860 -0.241030 0.202418 -0.046036 -0.000251 -0.177062 -0.206019 -0.010992 0.213924 -0.403447 0.120213 -0.111553 -0.000072 -0.042778 -0.192746 0.477648 0.003846 0.000217 -0.000058 -0.000218 -0.084179 -0.215012 0.000035 0.377058 -0.000121 -0.000255 -0.000023 -0.199071 -0.000081 -0.013053 -0.000059 -0.271584 -0.063713 -0.184356 0.156607
0.593063 -0.357514 -0.141218 0.001682 0.028105 -0.811457 0.005850 -0.499532 0.698161 -0.444356 -1.007561 -0.641578 -0.001717 -1.281483 -0.112482 0.421516 0.000048 -0.000073 -0.895527 0.150893 -0.186804 -0.678457 -0.029379 0.033289 0.001006 0.000199 -0.520634 0.001277 -0.291944 0.000211 -0.146900 0.794550 -0.092060 -0.146669 -0.000016 0.003604 0.426916 0.041225 -0.093119 -0.228768 0.001433 0.152452 0.000162 -0.459234 -0.472699 -0.764400 -0.787853 -0.000068 0.126431 -0.054775 -0.543255 -0.000106 -0.018363 0.000267 -0.699269 -0.213594 0.000504 -0.603690 -0.342454 0.854761 0.515351 0.640304 -0.018346 0.178098 0.100888 0.321810 -0.564686 0.366055 -0.263488 -0.000371 0.072364 -0.572775 -0.000038 -0.000147 -0.000116 -0.099999 -0.096440 0.595452 -0.863243 0.000005 -0.292929 0.000223 -0.778105 0.380926 0.000293 -0.001087 0.000184 0.264843 0.204186 -0.843012 0.387024 0.063762 0.392156 -0.081668 0.293023 -0.445627 -0.658551 -0.000216 0.303950 -0.338308 -0.291269 -0.515271 -1.356504 0.611596 -0.075855 -0.000334 -0.070849 -0.625809 0.271282 -0.111814 0.000142 -0.000103 0.000257 -0.061120 -0.109828 -0.000036 -0.462257 0.000207 -0.000101 0.000108 -0.355558 0.000388 -0.235700 -0.000053 -0.652641 -0.066271 -0.250835 -0.024340
-0.000092 -0.000064 -0.000362 -0.000110 -0.000263 -0.000005 0.000034 -0.000456 -0.000290 -0.000097 -0.000031 -0.000258 -0.000019 -0.001080 -0.000034 0.000022 -0.000151 -0.000178 -0.000387 -0.000338 -0.000142 -0.000131 -0.000158 -0.000268 0.000122 0.000111 -0.000341 -0.000099 -0.000087 -0.000101 0.000005 -0.000421 -0.001000 -0.000057 -0.000201 0.000063 -0.000123 -0.000151 -0.001085 -0.000269 -0.000026 -0.000255 0.000005 -0.000028 -0.000001 -0.000250 -0.000974 -0.000053 -0.000006 -0.000314 -0.000965 0.000131 -0.000079 -0.000177 -0.000043 -0.000201 0.000066 -0.000192 -0.000493 -0.000086 -0.000425 -0.001200 0.000002 0.000132 -0.001030 -0.000225 0.000033 -0.000347 -0.000146 -0.000123 -0.000021 -0.000393 -0.000137 -0.000106 -0.000115 -0.000055 -0.000249 -0.000022 -0.000167 -0.000163 0.000130 0.000024 -0.000272 -0.000789 -0.000202 -0.000118 -0.000139 -0.000251 -0.000208 -0.000043 -0.000274 -0.000173 -0.000108 -0.000009 -0.000187 0.000006 -0.000525 -0.000174 -0.000122 -0.000427 -0.000175 -0.000699 0.000057 0.000067 -0.000257 -0.000181 -0.000906 -0.000447 -0.000936 -0.000032 0.000021 -0.000072 -0.000121 -0.000845 -0.000216 0.000114 0.000022 -0.000027 0.000120 -0.000149 -0.000290 0.000158 -0.000820 -0.000068 -0.000250 -0.000167 -0.000799 -0.000126
0.006608 0.052742 0.048202 -0.000293 0.317352 -0.391830 -0.000646 -0.266414 -0.022980 -0.179643 -0.214524 0.109202 -0.000574 -0.096578 -0.070198 -0.100689 -0.000068 0.000012 -0.577638 -0.109288 0.273997 -0.392355 0.017081 -0.106933 0.000046 0.000290 -0.232751 0.000160 -0.215543 0.000231 0.290081 0.175999 -0.083290 0.076911 -0.000287 -0.000196 0.040779 0.030593 0.132150 0.096749 -0.000379 0.114358 -0.000121 0.012525 0.040070 -0.128067 -0.218934 0.000015 0.101420 -0.015794 -0.284711 -0.000277 -0.012054 -0.000063 0.109130 -0.003772 -0.000343 0.204623 -0.267542 -0.050114 0.246288 -0.240299 -0.001113 0.176155 -0.332335 0.155752 -0.109355 -0.230162 0.005046 -0.000152 -0.052712 -0.225225 0.000303 -0.001204 -0.000009 0.294938 -0.198682 -0.187949 -0.047920 0.000014 -0.022130 0.000047 -0.312808 -0.319050 -0.000361 0.000142 -0.000264 -0.121081 -0.157049 -0.312554 -0.330141 0.216909 -0.164635 0.092213 0.272448 -0.183751 -0.328258 -0.000172 -0.243638 -0.328315 0.285374 -0.531090 -0.154408 0.001628 0.099877 -0.000150 0.028504 0.004676 -0.165298 0.055400 -0.000266 -0.000250 -0.000154 0.128715 -0.188575 -0.000085 -0.050077 -0.000045 0.000034 0.000028 -0.080822 0.000052 0.190735 -0.000046 -0.257738 0.221913 -0.194942 0.082927
-0.004400 -0.053016 0.005418 0.000552 -0.004850 -0.022972 0.015156 -0.002494 -0.040331 -0.000380 0.000809 -0.004773 -0.001950 -0.073915 0.019996 0.008692 -0.000266 0.000011 0.004959 -0.080979 -0.013554 -0.071166 -0.033347 -0.003143 -0.000145 0.000029 0.005687 -0.000207 -0.027968 0.000010 -0.003642 0.009750 -0.014793 -0.079340 -0.000136 -0.000265 -0.006420 -0.002506 0.026637 0.002367 -0.000301 -0.009406 -0.000037 -0.060793 -0.076717 -0.045576 -0.015393 -0.000068 -0.001838 -0.004064 -0.005309 0.000009 -0.010311 -0.000213 -0.050822 0.002418 0.000019 -0.068287 -0.012387 -0.024098 -0.145503 -0.009141 -0.005410 -0.018266 -0.121954 -0.018082 -0.024147 -0.031277 -0.030199 -0.000162 0.002669 -0.020578 -0.000026 -0.000258 -0.000212 -0.130430 -0.047110 0.001703 -0.042696 -0.000109 -0.061467 0.000151 -0.047100 -0.035107 0.000101 -0.000004 -0.000078 -0.061476 -0.068332 0.009553 -0.015673 -0.038948 -0.040798 -0.000802 -0.038960 -0.039926 0.005478 0.000024 -0.058703 0.010978 -0.021005 -0.107987 -0.017678 -0.063644 -0.045491 -0.000227 0.007107 -0.058566 -0.011525 -0.022030 -0.000020 -0.000292 -0.000093 -0.002078 -0.017043 -0.000096 0.000167 0.000008 -0.000160 -0.000142 0.032800 0.000023 -0.043289 -0.000099 -0.011597 -0.037217 -0.036997 0.004036
-0.279505 0.029581 -0.022433 -0.000423 0.038372 -0.192970 0.011758 0.115522 -0.151132 -0.087888 -0.132548 -0.000229 0.000704 -0.137328 0.063359 -0.156419 0.000026 0.000152 -0.146951 -0.191666 -0.005769 -0.134118 -0.018252 -0.134286 0.000474 -0.000286 -0.055533 -0.000483 -0.020504 -0.000012 -0.129621 0.033045 0.003920 -0.158548 0.000009 -0.018121 0.092124 0.074586 -0.253323 0.063600 -0.000393 -0.038126 -0.000550 -0.175569 -0.110941 -0.097832 -0.090402 -0.000214 0.047897 -0.083557 0.070068 0.000310 0.172800 -0.000883 -0.125083 -0.073403 0.001070 -0.185200 -0.081087 -0.019624 0.036032 -0.120356 0.025216 -0.070029 -0.309126 -0.051363 -0.076743 -0.046676 -0.108598 0.001252 0.046541 -0.162659 -0.000101 -0.000102 -0.000023 0.043101 0.004495 -0.065271 -0.155756 0.000235 0.065270 -0.000059 -0.030150 -0.194113 0.000157 0.000802 0.000166 -0.182089 -0.102332 -0.027582 -0.105021 -0.142590 -0.047749 -0.019734 -0.135775 -0.119322 0.004575 0.000012 0.029284 0.003085 -0.205254 -0.309222 -0.036023 -0.214769 -0.098078 0.000002 0.078444 -0.186131 -0.078445 0.058483 -0.000056 0.000148 -0.000241 -0.056764 0.005360 0.000023 0.036823 -0.000119 -0.000224 -0.000132 -0.162732 -0.000017 -0.045588 -0.000442 -0.011950 -0.055219 0.022769 -0.176994
0.000002 -0.000692 -0.000224 0.000131 -0.000033 -0.000351 -0.000427 -0.000508 -0.000229 -0.000075 -0.000048 -0.000341 0.000213 -0.000633 -0.000129 -0.000295 0.000297 -0.000169 -0.000532 -0.000647 -0.000083 -0.000567 -0.000110 -0.000387 -0.000040 0.000002 -0.000197 -0.000024 0.000046 0.000073 0.000003 -0.000530 -0.000654 0.000077 0.000138 0.000084 -0.000745 -0.000276 -0.000862 -0.000295 -0.000205 -0.000122 -0.000132 -0.000312 -0.000148 -0.000199 -0.000683 -0.000053 -0.000411 -0.000162 -0.000454 -0.000075 -0.000091 -0.000226 -0.000108 -0.000158 0.000136 -0.000343 -0.000300 -0.000470 0.000037 -0.000395 -0.000166 -0.000302 -0.001501 -0.000125 0.000094 0.000084 -0.000553 -0.000070 -0.000060 -0.000382 0.000079 -0.000137 0.000121 -0.000122 -0.000229 -0.000247 -0.000422 -0.000134 -0.000230 0.000261 -0.000241 -0.000260 -0.000180 -0.000047 -0.000000 -0.000372 -0.001013 -0.000115 -0.000058 -0.000093 -0.000683 0.000004 -0.000396 0.000062 -0.000289 0.000196 -0.000094 -0.000161 -0.000005 -0.000405 -0.000188 -0.000749 -0.000111 -0.000150 -0.000652 -0.000802 -0.000229 -0.000040 0.000017 0.000150 -0.000122 -0.000291 -0.000087 -0.000071 0.000063 0.000225 0.000191 -0.000195 0.000033 0.000138 -0.000509 0.000230 -0.000059 -0.000017 -0.000104 -0.000330
0.296524 0.265093 0.148150 -0.000199 -0.438830 -0.515847 0.030121 -0.063636 0.247922 -0.039495 -0.477382 -0.054906 -0.000509 -0.194782 0.213926 -0.170098 0.000087 0.000296 -0.168234 -0.373779 0.079504 -0.095182 0.100854 -0.044935 0.000277 0.000041 -0.452294 -0.000170 -0.602730 0.000211 -0.195557 0.383549 -0.339967 -0.361313 -0.000144 -0.019872 0.253376 0.336389 -0.386663 -0.172562 -0.000113 0.001727 0.000001 -0.631873 -0.209879 -0.144630 -0.183352 0.000100 0.409930 0.143988 0.167163 -0.000141 -0.188772 0.000027 0.323115 0.324088 0.000058 -0.151164 -0.232816 0.121985 0.023573 -0.111011 -0.042372 -0.331035 -0.559759 -0.236157 -0.320354 0.171005 -0.181384 0.000119 0.092168 -0.115117 0.000280 0.000026 0.000178 0.111127 -0.063470 0.132268 -0.029377 0.000129 0.251698 0.000111 -0.588215 0.239612 -0.000193 -0.000258 0.000116 -0.107425 -0.497975 -0.060272 -0.286115 0.119652 0.185345 -0.135366 0.049526 0.190133 0.141278 0.000059 0.135552 -0.159710 0.037137 -0.239616 -0.298730 0.616890 -0.434733 -0.000048 0.030505 -0.048966 0.286798 0.005034 0.000208 -0.000056 -0.000146 -0.021035 0.082680 -0.000125 0.117934 0.000010 -0.000031 -0.000034 -0.269810 0.000012 -0.554967 0.000072 -0.084381 0.490718 -0.209576 0.036214
-0.000768 -0.002739 -0.000454 -0.001493 -0.001116 -0.001505 -0.001800 -0.001121 -0.000450 -0.001237 -0.001216 -0.000613 0.000403 -0.000123 -0.000244 -0.000514 -0.000113 0.000334 -0.002695 -0.001312 -0.000747 -0.000228 0.001175 -0.000742 0.000746 -0.000299 0.000163 -0.000741 -0.002373 -0.000019 -0.001472 -0.001923 -0.001953 -0.001501 0.000051 0.000446 -0.000416 -0.000064 0.000073 -0.001787 -0.000064 0.000378 0.000377 -0.002639 -0.002609 -0.000341 -0.001302 0.000109 -0.001345 -0.001572 -0.001062 -0.000019 -0.001977 0.000082 -0.001601 -0.000938 0.000236 -0.000645 -0.002775 -0.000002 -0.001009 -0.000680 -0.000203 -0.000080 -0.002527 0.000235 0.000135 -0.000072 -0.000800 -0.000220 0.000547 -0.002393 0.000153 -0.000298 0.000017 -0.001334 -0.000766 -0.001287 -0.000721 0.000109 -0.001733 -0.000159 -0.000478 -0.000572 -0.000190 0.000333 -0.000200 -0.001116 -0.002883 -0.000808 -0.002231 -0.000895 -0.002324 -0.000171 -0.002420 -0.001825 -0.000114 0.000098 0.000289 -0.002072 -0.002032 -0.001041 -0.001256 -0.000842 -0.002221 -0.000104 -0.001984 -0.001073 -0.000153 -0.000020 0.000063 -0.000026 -0.000341 -0.001631 -0.000555 -0.000131 0.000009 0.000308 -0.000176 0.000012 -0.000121 -0.000102 -0.001600 0.000044 -0.001805 0.000707 -0.002042 -0.001022
0.129702 0.190412 0.032311 -0.000939 0.284321 0.024803 0.015060 -0.275611 -0.101490 -0.276669 -0.021289 -0.171953 -0.000289 -0.394795 0.010775 0.011020 0.000080 0.000007 -0.002870 -0.407460 0.238575 -0.229537 0.000025 0.047317 0.000100 0.000232 0.126740 0.000733 -0.010347 -0.000074 0.072414 -0.236132 -0.096014 -0.183134 0.000013 -0.002928 0.362191 0.289272 0.050268 -0.062685 -0.000311 -0.117895 0.000289 0.214795 -0.163188 0.050489 -0.185666 -0.000051 0.003221 -0.134956 -0.233997 -0.000150 -0.122648 -0.000067 -0.166763 0.181924 -0.000494 0.146044 -0.106987 -0.140343 0.038187 -0.223676 0.006714 -0.305530 -0.177157 -0.020106 -0.210499 0.236096 -0.075310 -0.000183 0.105627 0.200934 -0.000047 -0.000201 0.000139 0.265196 0.121412 0.121572 0.159770 -0.000110 -0.236101 -0.000171 -0.021345 -0.003506 -0.000724 -0.000149 -0.000276 -0.098931 -0.303341 0.008033 -0.079478 0.112448 -0.194449 0.204135 0.018024 0.251340 -0.405514 -0.000265 0.303482 -0.211157 0.077217 -0.360368 -0.273644 -0.038192 0.081815 -0.000181 0.289241 0.043343 0.287052 0.118107 0.000048 0.000032 -0.000293 -0.023720 -0.149292 -0.000035 -0.060741 0.000043 -0.000175 -0.000278 0.058334 -0.000287 0.085772 -0.000215 0.093782 -0.096125 0.021250 -0.042564
0.402314 0.117594 -0.118625 -0.000477 -0.008104 0.068549 0.028936 0.250360 -0.096584 0.046369 -0.228551 0.510550 -0.000979 0.198115 0.221745 -0.095288 -0.000174 -0.000085 -0.120672 -0.375275 -0.105059 0.117670 -0.048968 -0.009900 -0.000854 0.000071 -0.303445 -0.001144 0.178627 0.000134 0.198944 -0.058481 -0.150830 -0.150730 0.000017 -0.002510 0.057470 0.091552 0.174626 -0.129018 0.000349 -0.200546 -0.000127 -0.332480 -0.242407 0.055843 0.115725 0.000156 -0.060355 0.152023 0.198210 0.000008 -0.316818 -0.000082 -0.032033 -0.272122 -0.000691 0.129271 -0.345211 -0.035116 -0.081384 -0.065380 -0.017143 -0.338292 -0.605375 -0.281551 -0.044628 -0.363137 -0.196496 -0.000078 0.051279 -0.366071 -0.000034 -0.000492 0.000059 0.106397 0.221091 0.221957 -0.237188 -0.000152 0.282760 -0.000143 -0.153998 0.163421 -0.000217 -0.000111 -0.000103 -0.790547 0.347230 -0.114220 0.080718 -0.101411 -0.227608 0.176883 -0.109957 0.223857 -0.127721 -0.000168 -0.149187 -0.199998 0.094571 -0.099921 -0.233518 -0.092723 -0.154191 -0.000040 0.000870 -0.151875 -0.226592 -0.215780 0.000013 -0.000051 -0.000338 -0.061642 -0.143318 0.000093 0.424196 0.000239 -0.000010 0.000176 0.178073 0.000125 -0.292142 -0.000157 -0.389350 -0.139450 0.156556 -0.118390
0.000351 -0.002460 -0.000444 -0.000558 -0.005586 -0.008139 -0.000563 -0.003635 -0.008946 -0.000950 -0.001590 -0.001198 -0.004226 -0.003505 -0.000410 -0.003816 -0.000001 0.000150 -0.010822 -0.005883 -0.000446 -0.008383 -0.002008 -0.003688 -0.000783 -0.000219 -0.003064 -0.000186 -0.000088 -0.000161 -0.007671 -0.001304 -0.006050 -0.000283 0.000005 0.000165 0.001809 -0.000083 0.000119 0.000253 -0.000156 -0.001509 0.000078 -0.001333 -0.002187 -0.002510 -0.010332 0.000267 -0.001428 -0.001036 -0.003602 -0.000261 -0.001049 0.000768 -0.006664 0.000158 0.000911 -0.002700 -0.000479 0.004344 -0.002604 -0.012225 -0.000201 -0.002561 -0.014806 0.000721 0.000977 0.000940 -0.000539 -0.000544 -0.001385 -0.005157 0.000191 -0.000028 0.000325 -0.003182 -0.000123 -0.007055 -0.001906 -0.000184 -0.001867 -0.000021 -0.001168 -0.000095 -0.000142 -0.000167 -0.000102 -0.003132 -0.002999 -0.004484 -0.006883 -0.009138 -0.000543 -0.000602 0.000650 0.000895 -0.004018 -0.000147 0.001594 -0.001203 -0.002858 -0.003706 -0.000598 -0.002914 -0.012004 -0.000043 -0.006408 -0.010446 -0.002450 -0.005620 -0.000214 -0.000029 -0.000626 0.001729 -0.001665 -0.000010 -0.001554 -0.000045 0.000291 -0.000189 -0.003179 0.000084 -0.011319 -0.000050 -0.002259 -0.002334 -0.000247 -0.002415
-0.039991 0.101461 -0.015300 -0.002093 -0.303392 -0.079679 -0.004851 -0.722614 0.222467 1.193683 0.750361 -0.642436 -0.005356 0.420647 -0.069025 -0.877730 0.000131 0.000233 0.456412 -0.117841 0.270967 -0.265031 0.844297 0.507807 -0.001045 -0.000055 -0.237315 0.000038 0.187244 -0.000214 -0.544974 -0.807665 0.264507 0.244678 0.000161 -0.009481 0.124241 -0.259927 0.223466 0.090257 0.000464 -0.454139 -0.000737 0.526950 -0.279589 -0.553532 -0.713043 0.000035 -0.635752 -0.224708 -0.341433 0.000335 -0.902467 -0.000141 -0.510763 -0.156502 0.000093 0.727332 0.001583 -0.362506 0.039554 -0.726566 -0.002437 -0.047819 0.090942 -0.267635 0.096642 -0.294582 -0.387749 -0.000162 0.240523 -0.259500 0.000166 -0.000577 -0.000067 -0.175021 -0.530917 -0.234467 0.165862 0.000247 -0.479331 -0.000690 0.473124 0.537745 -0.000240 0.000611 -0.000143 -0.038885 0.076652 0.054729 -0.265813 -0.153914 0.106435 -0.116415 -0.206226 0.836947 -0.323518 -0.000042 -0.008369 -0.037991 -0.105099 -0.357959 0.363518 0.181189 -0.591017 -0.000110 0.186415 0.334610 0.270971 -0.756781 0.000003 0.000129 -0.000191 -0.085035 -0.100622 0.000149 -0.114099 0.000047 0.000055 0.000234 -0.105764 0.000101 -0.371440 -0.000339 -0.167299 -0.409647 0.105383 -0.320457
-0.000880 -0.000365 -0.000276 -0.000216 -0.000830 -0.000962 -0.001216 -0.000693 0.000084 -0.000700 0.000195 -0.000356 -0.000052 -0.000813 -0.000061 -0.000717 0.000298 -0.000016 -0.000840 -0.000552 -0.000294 -0.000047 -0.000657 -0.000211 -0.000293 -0.000453 -0.000780 0.000073 -0.001454 0.000053 -0.000591 -0.000258 -0.001292 -0.000190 -0.000145 0.000586 -0.000346 -0.000049 -0.000625 -0.000434 -0.000007 -0.000348 0.000175 -0.001163 -0.001672 -0.000776 -0.000210 -0.000212 0.000020 -0.000916 -0.000828 -0.000140 -0.000908 -0.000241 0.000100 -0.000095 -0.000182 -0.001344 -0.001810 -0.001456 -0.000915 -0.000263 -0.000505 -0.000400 -0.000872 -0.000291 0.000022 0.000066 -0.000011 -0.000076 -0.000954 -0.000733 -0.000162 -0.000552 0.000186 -0.000961 -0.001512 0.000048 -0.000409 0.000037 -0.001328 -0.000158 -0.001180 -0.001151 0.000082 0.000061 -0.000030 -0.000990 -0.001211 -0.000896 -0.001527 0.000109 -0.001034 -0.001011 -0.000324 -0.000739 -0.000823 0.000210 -0.000239 -0.001320 -0.000266 -0.000612 -0.000624 -0.000038 -0.000046 0.000086 -0.000206 -0.000327 -0.000193 -0.000645 0.000040 -0.000055 0.000275 -0.001889 -0.000939 -0.000156 -0.000057 0.000128 0.000152 -0.000099 -0.001447 -0.000041 -0.001188 0.000356 -0.000127 -0.000679 -0.000033 -0.000436
-0.312798 0.261868 -0.024165 0.002014 -0.034329 -0.091223 -0.017919 -0.109731 0.516384 -0.290002 0.480594 -0.001965 0.000540 0.123406 0.258108 1.109223 0.000193 -0.000056 -0.018237 -0.835926 0.725439 -0.282525 0.193387 -0.296308 0.001025 0.000068 0.075104 -0.000467 -0.608439 0.000232 0.165806 -0.196424 -0.024871 -0.363702 0.000436 -0.037137 -0.435335 0.028066 -0.054875 0.042663 -0.000082 0.764782 -0.000377 0.053391 0.166939 -0.355728 0.006398 0.000270 0.165443 0.098869 -0.112585 -0.000198 0.157267 -0.001119 0.650233 0.232481 -0.000439 -0.111502 -0.316801 -0.424696 0.056042 0.074412 -0.029013 0.116346 -0.286106 0.267920 0.283652 0.228110 0.100649 0.000513 0.240525 -0.650540 -0.000045 -0.000193 0.000076 0.384806 -0.204420 0.005132 -0.254893 0.000186 0.138375 0.000197 0.047148 -0.021857 0.000161 -0.001052 -0.000079 -0.030302 -0.292080 -0.288329 0.091074 0.001994 -0.277154 0.088633 -0.235423 0.235922 0.109149 0.000119 0.512136 -0.596738 -0.267053 -0.535354 0.568475 0.040252 0.338248 -0.000040 0.000012 0.028822 -0.051771 -0.625224 -0.000258 0.000163 -0.000228 0.677617 -0.056571 -0.000046 0.014323 -0.000158 0.000158 -0.000003 -0.017189 0.000130 0.222781 0.000447 0.165769 0.436833 0.433786 -0.829194
-0.001130 -0.000670 -0.001109 -0.001664 -0.000561 -0.001538 -0.000768 -0.000336 -0.004582 0.000379 -0.002335 -0.000671 -0.000187 -0.000417 -0.000116 -0.001113 -0.000259 -0.000081 -0.001342 -0.000053 -0.000733 0.000364 -0.000530 0.000014 -0.000121 -0.000074 -0.000987 -0.000616 -0.000939 -0.000131 -0.000265 -0.000618 -0.001540 -0.000502 -0.000033 -0.000058 -0.001574 -0.000301 -0.000621 -0.000582 -0.000265 -0.000226 -0.000117 0.000265 -0.004309 -0.000181 -0.001023 0.000171 -0.000651 0.000248 -0.000637 -0.000082 -0.000101 0.000007 -0.000541 -0.000341 0.000057 -0.000385 -0.000477 -0.000557 -0.001288 -0.000990 -0.002055 -0.001529 -0.001543 -0.001486 -0.000099 -0.000424 -0.000894 -0.000659 -0.000216 -0.000527 -0.000123 -0.000139 -0.000026 -0.001985 -0.004597 -0.000260 -0.001727 -0.000043 -0.001925 -0.000294 -0.001698 -0.001585 -0.000109 -0.000302 0.000039 -0.000117 -0.000314 -0.000769 -0.000956 -0.001434 -0.001580 -0.000648 -0.000931 -0.000185 -0.001104 -0.000202 -0.001054 -0.000415 -0.000027 -0.000324 -0.000969 -0.000543 -0.000436 0.000099 -0.000845 -0.001663 -0.001506 0.000115 -0.000265 -0.000146 -0.000277 -0.000252 -0.001397 0.000142 -0.000754 0.000169 -0.000092 -0.000236 -0.000836 -0.000009 -0.000900 0.000016 -0.003865 -0.000797 -0.000390 -0.000496
-0.100002 0.058538 0.010375 -0.002047 0.109815 -0.079795 0.001233 -0.184986 -0.142257 -0.092955 -0.325499 -0.003112 -0.001841 -0.282524 -0.061425 -0.071424 0.000076 -0.000028 -0.136723 -0.393101 -0.121145 -0.255405 -0.253768 -0.271367 0.000721 -0.000115 -0.053281 -0.000672 -0.129020 -0.000052 -0.266523 0.024539 0.091605 -0.118310 -0.000074 0.027518 0.073858 0.076783 -0.200930 0.005218 -0.001140 -0.220985 -0.000251 -0.178308 -0.148046 0.163053 -0.203515 0.000046 -0.099371 -0.036007 0.106236 -0.000240 0.148928 -0.000163 -0.166819 -0.159246 0.000600 -0.125415 -0.016718 -0.069882 -0.005638 -0.172482 -0.007591 -0.111037 -0.523717 -0.105447 -0.074864 0.042741 -0.028231 -0.000611 -0.125483 -0.049355 0.000141 -0.000471 -0.000014 -0.333991 -0.232950 -0.322352 0.092930 0.000090 -0.370685 0.000287 -0.149420 -0.033985 0.000023 -0.000913 0.000042 -0.065924 -0.076757 -0.321162 -0.214066 -0.099217 -0.151471 -0.119918 -0.187224 -0.014008 -0.202379 -0.000028 -0.161110 -0.019832 -0.178011 -0.111321 0.087424 -0.052281 -0.285066 -0.000228 0.331229 -0.417500 -0.062076 -0.069942 0.000095 0.000103 -0.000062 0.037586 -0.093753 -0.000156 0.164028 -0.000143 0.000177 -0.000152 -0.223617 -0.000098 -0.116087 0.000246 0.000236 -0.180032 -0.177195 0.059414
-0.068016 -0.123372 -0.169093 0.001828 -0.212177 -0.094268 -0.002761 -0.018649 -0.052959 -0.056874 -0.126156 -0.126347 -0.002369 -0.311781 -0.174194 -0.126532 0.000084 -0.000202 -0.353519 -0.286297 0.380406 -0.396368 0.003607 0.156345 0.000097 0.000009 -0.138833 0.000174 -0.105167 0.000055 0.459642 0.182825 -0.137026 0.165243 -0.000318 0.003013 0.274232 0.188744 -0.268236 0.265231 0.000054 -0.285648 -0.000217 -0.204196 -0.088481 -0.252635 -0.259083 -0.000115 0.069328 0.677123 -0.115955 -0.000212 -0.003310 -0.000207 -0.262789 -0.034156 -0.000844 0.018796 0.112767 -0.098683 0.000867 -0.338257 -0.067902 0.152028 -0.107666 0.210022 -0.059918 -0.134744 -0.005996 -0.000273 -0.140536 -0.539409 0.000129 -0.000769 0.000154 -0.086046 0.181756 -0.141735 -0.308089 -0.000216 -0.281059 -0.000221 0.204057 -0.054439 -0.000473 -0.000126 -0.000338 -0.216341 -0.163567 0.083175 0.073815 0.058253 -0.114219 0.128235 -0.204230 0.177884 0.248517 -0.000178 0.069357 -0.058384 0.080311 -0.145234 -0.432245 -0.057826 0.259242 -0.000080 -0.150142 -0.328341 0.058264 0.076310 -0.000142 0.000152 0.000367 0.567765 0.087632 -0.000053 -0.130670 -0.000017 -0.000248 -0.000201 -0.134219 -0.000258 -0.052704 -0.000788 -0.082968 0.100610 -0.097636 0.218962
-0.037283 0.167495 -0.065798 0.002580 -0.067730 -0.145266 -0.019079 -0.312960 -0.813911 -0.716543 -0.087600 -0.103403 -0.000295 -0.866506 0.807233 0.290593 -0.000199 -0.000144 -0.091750 -0.684012 0.601568 -0.049864 -0.262495 -0.551437 0.000878 0.000028 0.262387 -0.001424 -0.777014 -0.000262 0.226981 -0.178336 -0.494908 0.303327 0.000273 0.003641 0.159835 0.321582 0.125205 -0.403767 0.000600 0.896386 -0.000300 -0.516364 0.122436 0.365183 0.266153 -0.000024 0.017999 -0.055601 0.151346 0.000264 -0.731326 0.000517 0.633940 0.495583 0.000394 -0.938166 -0.668864 -0.819611 -0.835104 0.419013 -0.116466 0.687192 0.164583 -0.473023 0.446591 -0.083580 0.542035 -0.000425 -0.109960 -0.878711 0.000018 -0.000069 -0.000029 -0.473966 -0.147222 -0.359635 -0.174235 -0.000015 -0.168182 0.000098 0.038142 0.399903 -0.000301 -0.000886 -0.000001 -0.346997 -0.235683 0.002335 -0.414737 -0.656708 -0.501569 -0.242870 -0.214883 -0.087721 0.001546 0.000002 0.406214 -0.263278 0.219714 0.397694 -0.325198 0.787748 -0.548110 0.000025 -0.152212 -0.161677 -0.102088 -0.076901 -0.000269 0.000054 -0.000390 -0.021655 -0.413149 0.000039 0.244131 -0.000038 0.000024 -0.000274 0.145257 0.000047 -0.370117 0.000128 0.382930 0.733171 0.237410 -0.540489
0.058826 0.175813 0.001199 -0.000536 0.036608 0.124532 -0.011352 -0.310872 -0.182803 -0.047004 -0.071925 0.140601 -0.000535 -0.094012 0.010662 0.203665 -0.000112 -0.000062 -0.219888 -0.262283 0.062263 -0.104063 0.048723 0.291625 -0.000028 0.000294 -0.557128 -0.000154 -0.202920 0.000187 0.014596 -0.177512 0.238578 -0.068855 -0.000092 0.002651 -0.112736 -0.145746 0.094135 -0.237863 -0.000079 -0.154849 -0.000336 -0.103321 -0.027484 0.153038 -0.017625 0.000028 0.035281 0.186027 -0.117648 -0.000168 -0.363801 0.000001 -0.098677 0.009333 0.000073 0.004564 -0.333939 -0.117196 0.190512 -0.320543 0.049131 -0.923347 -0.680526 0.043370 -0.083702 0.368575 -0.259858 -0.000500 -0.003542 -0.849429 -0.000192 -0.000113 0.000029 0.035563 -0.024799 0.009869 -0.015608 0.000043 0.331691 -0.000143 0.139355 0.033962 -0.000483 0.000085 -0.000074 -0.351978 0.242088 -0.000932 0.293703 -0.275064 -0.603436 0.200428 -0.002180 0.567651 0.291177 0.000047 -0.023596 -0.108148 -0.384751 0.266888 -0.367954 0.097893 -0.162325 -0.000035 0.266073 -0.061445 0.011967 -0.214949 0.000059 -0.000071 -0.000535 0.013442 -0.433562 0.000044 -0.020246 0.000203 -0.000175 0.000104 -0.197065 -0.000057 -0.254394 -0.000144 0.323148 -0.022730 0.316722 -0.250258
0.073804 0.529923 0.010542 -0.000077 -0.286759 0.002645 -0.007476 0.279478 0.182467 0.334200 -0.372326 0.203598 -0.000151 -0.167480 0.001812 -0.180990 -0.000124 -0.000110 -0.372851 -0.788777 0.489899 0.162041 -0.059904 -0.166237 -0.000130 0.000139 0.064617 -0.000296 -0.548554 0.000171 -0.454792 0.197385 0.177858 -0.552997 -0.000147 0.003115 0.360185 -0.382739 -0.172832 -0.106823 0.000004 0.348209 -0.000275 0.100630 0.455012 0.141558 -0.108975 0.000125 0.143484 0.076467 0.109448 -0.000112 0.289316 -0.000020 0.101762 -0.064584 -0.000211 -0.004090 -0.422018 0.432759 -0.395536 -0.241818 -0.034723 -0.131885 -0.667929 0.109639 -0.233138 -0.083064 -0.068947 -0.000181 0.001737 0.218725 0.000062 -0.000164 0.000120 0.317769 -0.154126 -0.053288 0.229611 -0.000058 0.452054 0.000162 0.656681 -0.034906 -0.000249 -0.000112 -0.000020 -0.336495 -0.451437 0.007005 0.483396 0.288754 -0.004738 -0.516609 -0.300269 -0.114120 0.032183 -0.000173 -0.391354 -0.063318 -0.069156 -0.489942 -0.409289 -0.414769 -0.659492 0.000006 0.038826 -0.720245 -0.046415 -0.339078 -0.000139 0.000044 -0.000459 -0.252500 0.228372 0.000097 -0.396263 0.000093 0.000082 0.000070 0.038909 0.000010 0.079355 0.000072 0.398651 -0.326436 0.236136 -0.049579
0.214967 0.036423 0.065430 0.001981 -0.491989 -0.218055 -0.018413 0.070171 -0.722627 -0.210217 -0.459074 -0.881828 -0.003950 -0.750756 0.043648 0.220613 -0.000043 0.000078 -0.768198 0.462162 -0.526775 -0.566266 0.282423 -0.339835 0.001625 0.000248 0.120861 -0.000069 -0.158649 0.000055 -0.290645 -0.301432 -0.776580 0.159154 -0.000077 0.003979 0.152352 0.079568 0.128697 0.524605 0.000955 -0.070288 0.001051 -0.296754 -0.211807 -0.440632 -0.309052 0.000006 -0.352136 0.121373 0.183876 0.000239 -0.713652 -0.000417 -0.392808 -0.332805 0.000422 -0.664991 0.138873 0.108544 -0.627708 -0.032484 0.077969 0.480218 0.010264 0.469675 -0.250038 -0.276884 0.415741 -0.000153 0.791676 -0.558913 0.000117 0.000113 -0.000011 -0.357382 0.743662 -0.480498 -0.964627 0.000027 -0.436001 0.000162 -0.289078 -0.416471 0.000235 -0.000503 0.000359 0.036934 0.516815 0.342085 -0.620669 0.037028 0.266393 -0.415129 0.655811 -0.347964 -0.099081 0.000195 -0.321215 0.433148 -0.685032 -0.591033 -0.915762 0.102396 -0.309960 -0.000029 -0.078827 -0.602458 -0.487514 0.387839 0.000004 -0.000034 0.001059 -0.150329 0.615833 -0.000166 0.292588 0.000065 0.000082 0.000062 0.028346 0.000181 0.141572 0.000427 -0.105169 -0.425621 0.100254 0.375841
0.078185 -0.057253 0.007986 -0.001147 -0.112412 -0.026385 0.024353 -0.005336 -0.016820 -0.020152 -0.098722 0.007742 -0.002024 -0.043857 -0.046864 -0.069096 0.000002 0.000092 -0.082676 -0.187683 0.009510 -0.012757 0.065970 -0.054168 0.001463 -0.000017 -0.023297 -0.001058 -0.040393 -0.000037 0.004889 -0.009500 0.001708 -0.018409 0.000208 0.023648 0.002283 0.003589 -0.033512 -0.016610 -0.001012 0.004137 -0.000228 -0.000304 -0.061961 -0.005609 -0.097635 -0.000028 0.036135 -0.035947 -0.078800 0.000040 -0.008587 -0.000394 -0.048706 0.003245 0.000570 -0.085342 -0.010701 0.005825 -0.003404 -0.037908 0.016664 0.004272 -0.160827 0.024640 0.007622 -0.075358 -0.030723 0.001224 -0.118535 -0.110072 0.000083 -0.000534 -0.000096 -0.061372 -0.031061 -0.043047 -0.056729 -0.000152 -0.070974 -0.000287 -0.082188 -0.035208 -0.000304 0.000458 -0.000110 -0.086640 -0.137093 0.029278 -0.053945 -0.009623 -0.045540 -0.006613 -0.006544 -0.017448 -0.103173 -0.000048 -0.111195 -0.066442 -0.047646 -0.097544 -0.061791 -0.080989 0.002359 0.000143 0.001946 -0.050889 0.026923 0.026620 0.000250 0.000206 -0.000957 -0.001253 0.013973 0.000150 0.023695 0.000049 -0.000166 -0.000175 -0.068338 -0.000110 0.046891 0.000194 -0.040955 -0.047541 -0.002929 -0.005178
0.069790 -0.080807 0.041046 -0.000990 0.475764 0.102140 0.007528 0.117173 -0.207985 -0.042586 -0.007347 -0.007233 0.000155 -0.175436 -0.011903 -0.387078 0.000018 -0.000040 0.124800 -0.395010 -0.064499 -0.166021 0.224012 -0.139576 0.000737 -0.000077 -0.045188 -0.001079 -0.002883 0.000275 0.050862 -0.013915 -0.204346 -0.189707 0.000041 -0.016697 -0.157795 0.054106 -0.324222 -0.058167 0.000741 0.030793 0.000145 -0.096729 -0.126328 0.122773 -0.162506 0.000079 -0.130258 -0.043844 0.062804 -0.000133 -0.203641 0.000724 -0.122096 0.054779 0.000161 -0.076877 -0.008036 -0.003572 0.077991 -0.059340 0.159791 -0.149679 -0.411812 -0.224094 -0.117203 -0.255920 0.012969 -0.000171 0.052414 -0.371086 0.000302 -0.000287 0.000173 -0.009832 -0.189371 -0.279421 -0.168776 0.000028 -0.170168 0.000016 -0.086665 -0.080778 -0.000106 0.000593 0.000133 -0.329818 -0.219957 0.026528 -0.069283 -0.028385 -0.320500 0.188096 -0.193722 -0.186046 0.064618 0.000036 0.159685 0.257093 0.288690 -0.208633 0.072824 -0.014963 0.082523 0.000315 0.033750 -0.457981 0.045763 -0.113851 0.000130 0.000076 -0.000318 0.260406 -0.105929 -0.000302 0.012218 0.000059 0.000151 -0.000003 0.116548 0.000070 -0.268087 0.000136 -0.105286 -0.078510 0.087737 -0.153945
-0.002730 -0.005674 0.000299 -0.000898 -0.000106 -0.001480 -0.000255 -0.005684 -0.000320 -0.009475 -0.007623 -0.003183 -0.002644 -0.010251 0.000053 -0.006396 0.000037 -0.000038 -0.002198 -0.008352 -0.001620 0.001725 -0.006603 -0.000898 -0.000084 0.000005 -0.002300 0.000527 -0.002517 -0.000040 0.000939 -0.003106 -0.003032 0.000781 -0.000064 0.000636 -0.001583 -0.000885 -0.003149 -0.001609 -0.000665 0.001011 -0.000770 -0.005266 -0.000986 -0.001704 -0.031033 0.000165 -0.001775 -0.000489 -0.006717 0.000163 0.000240 -0.000571 -0.000892 0.000950 -0.001812 -0.002682 -0.002262 -0.002414 -0.009622 -0.010921 -0.002081 0.000722 -0.011011 -0.001668 -0.001612 -0.005780 -0.000268 0.000162 -0.004148 -0.004891 -0.000275 0.000021 0.000131 -0.004517 -0.005373 -0.002831 0.000120 0.000120 -0.004774 -0.000061 -0.007325 -0.001780 0.000751 0.000740 0.000046 -0.004190 -0.005661 -0.021982 -0.005781 0.000369 -0.004189 -0.000927 -0.001096 0.000112 0.000083 -0.000150 -0.007768 0.001036 -0.009409 -0.005076 -0.011870 -0.001272 -0.006880 0.000176 -0.013646 -0.011450 -0.000546 -0.001120 -0.000084 0.000062 -0.000426 -0.002059 -0.004954 -0.000102 -0.000815 -0.000103 -0.000009 -0.000085 -0.003079 0.000285 -0.005870 0.000363 -0.007445 0.003396 -0.002804 -0.002154
-0.000163 -0.004499 -0.000218 -0.000000 -0.000118 -0.000286 -0.000389 -0.003286 -0.000857 -0.000903 -0.001507 -0.003866 -0.000156 -0.001529 -0.000755 -0.000498 0.000173 -0.000052 -0.000746 -0.004641 0.000038 -0.000267 -0.000146 -0.002168 0.000262 0.000080 -0.000354 0.000340 -0.000737 -0.000181 -0.000008 -0.000649 -0.000580 -0.000658 0.000109 -0.000552 0.000129 -0.000177 -0.000940 -0.001839 0.000016 0.000328 0.000100 -0.001177 -0.000164 -0.001026 -0.004914 0.000066 -0.000247 -0.001027 -0.001912 -0.000207 -0.000958 -0.000522 -0.003090 0.000158 0.000303 -0.001112 -0.000743 0.000241 -0.001852 -0.000240 0.000167 -0.000286 -0.002990 -0.000207 0.000060 -0.003223 -0.000183 0.001980 0.000011 -0.003996 0.000014 -0.000526 0.000066 -0.004677 -0.000969 -0.001178 -0.000523 0.000046 -0.003865 0.000182 -0.000126 -0.004290 -0.000040 0.000077 -0.000080 -0.002074 -0.001788 -0.000894 0.000193 -0.000961 -0.002307 -0.000336 -0.000572 -0.000044 -0.000661 0.000201 -0.000357 -0.001677 -0.000125 -0.001053 -0.000773 -0.002713 -0.001303 -0.000044 -0.000448 -0.001292 -0.001422 -0.000495 -0.000279 -0.000052 -0.000334 -0.000105 -0.000456 -0.000058 0.000091 -0.000191 0.000189 0.000021 0.000585 0.000216 -0.005082 0.000231 -0.000258 -0.000300 -0.000317 0.000080
0.039976 -0.354598 0.002590 -0.000591 0.321947 0.343838 0.003829 0.094748 0.237145 0.282116 -0.382278 0.083911 -0.000685 -0.285596 0.483117 -0.100829 -0.000024 -0.000058 0.097690 -0.612522 0.271982 -0.175915 0.138073 -0.038987 -0.000848 0.000016 -0.273164 -0.000197 -0.162021 -0.000085 -0.202541 -0.174543 -0.089377 0.248192 -0.000110 0.003824 0.173049 -0.225226 -0.005386 0.532395 0.000432 -0.084550 0.000028 0.223077 -0.043337 0.094261 -0.398767 -0.000020 -0.111351 0.253537 0.174263 -0.000215 -0.062141 -0.001055 -0.178878 -0.130705 0.000067 -0.005047 -0.576011 0.072580 -0.226287 -0.265426 -0.055355 0.522487 -0.677317 -0.146353 0.229854 0.110993 0.484032 -0.000809 0.123986 0.144504 0.000088 -0.000052 0.000214 0.077636 -0.208997 -0.212483 0.070985 0.000234 -0.151582 0.000013 0.039884 0.160068 -0.000420 0.000281 0.000045 -0.176910 -0.213877 0.241906 -0.674413 0.244710 0.253460 0.309531 -0.071043 -0.392877 0.068208 -0.000070 0.132923 0.084718 -0.058384 0.065121 -0.706299 -0.091501 -0.159485 -0.000154 -0.244880 -0.295755 -0.009601 -0.278039 -0.000139 0.000024 -0.000188 0.439365 -0.181661 -0.000164 0.092175 -0.000072 -0.000037 0.000201 -0.350980 -0.000369 -0.136669 0.000333 -0.128134 -0.236267 0.027211 -0.401085
-0.105873 0.138287 0.278663 -0.000649 -0.131357 -0.292607 -0.017102 0.232399 -0.211261 0.117378 -0.208948 -0.088145 0.001400 -0.469856 -0.101803 0.039979 0.000159 0.000099 -0.684845 0.113772 -0.221652 -0.675352 -0.193274 -0.316068 -0.001418 -0.000072 0.709314 -0.000531 -0.288581 0.000078 0.038520 -0.000489 -0.033839 0.072288 -0.000112 0.013159 -0.227474 0.489780 -0.010967 -0.209443 0.000440 0.066025 -0.000376 -0.647402 -0.027161 0.022438 -0.132646 0.000056 -0.379670 -0.068402 -0.122170 0.000200 -0.143701 0.000303 -0.059738 0.014622 0.002105 -0.278915 0.289487 -0.084749 -0.069448 -0.078102 0.008096 0.131250 -0.508516 0.398260 -0.469965 -0.168087 -0.026728 0.000109 0.187781 -0.645305 0.000155 -0.000838 -0.000004 0.027029 -0.138257 0.172453 -0.153408 0.000109 -0.474906 -0.000101 -0.118664 0.316609 -0.000159 -0.000297 -0.000169 0.221440 0.041649 -0.296552 -0.030933 0.081427 -0.356626 0.227289 -0.228944 -0.387038 -0.243059 0.000124 0.278518 -0.146737 0.472662 0.052041 -0.226352 -0.120990 -0.298936 -0.000122 0.094054 -0.694689 0.248987 -0.126127 0.000129 0.000007 -0.000154 0.029112 0.346498 -0.000014 0.280868 0.000006 -0.000005 -0.000111 -0.220960 -0.000115 0.048623 0.000452 -0.264963 -0.087857 0.197154 -0.200000
0.426101 0.451499 0.049430 -0.000188 -0.464010 -0.187740 0.022903 -0.207049 0.377990 -0.159259 0.049554 -0.618272 0.001531 -0.069085 0.114178 -0.069838 -0.000002 -0.000052 -0.460393 -0.259243 0.336981 -0.668271 0.292758 -0.167158 0.001308 0.000084 -0.013273 -0.001134 -0.496073 -0.000134 -0.522816 0.424377 -0.412921 -0.540818 -0.000429 0.018115 0.412196 -0.335981 -0.095666 0.075900 -0.000795 0.156450 -0.000341 -0.554240 -0.535719 0.225649 -0.494561 -0.000293 -0.165727 0.111460 -0.223797 -0.000458 -0.404858 0.000566 -0.011530 0.177123 -0.000491 -0.163234 -0.148023 0.698584 -0.114329 -0.068419 0.060029 0.062424 -0.536545 0.253111 -0.145535 0.184394 -0.021113 0.000601 -0.145807 -0.059156 -0.000038 0.000456 -0.000281 -0.167859 -0.100361 -0.100518 -0.347240 0.000132 -0.146034 0.000030 -0.530806 0.478561 0.000030 0.000332 -0.000267 -0.795867 -0.341522 -0.028059 0.097690 -0.321239 0.400685 0.240779 -0.096655 0.196172 -0.486283 -0.000604 -0.050302 0.026298 -0.200565 0.119991 -0.153043 0.567361 0.165643 -0.000239 -0.189544 -0.058378 0.392999 0.029008 -0.000024 -0.000019 -0.000289 -0.113056 0.107237 -0.000304 -0.003627 -0.000275 -0.000004 0.000076 -0.050625 0.000031 -0.227662 0.000211 0.341411 0.531857 -0.192008 -0.384301
0.127776 -0.390744 0.364372 -0.000759 -0.186997 0.315309 0.011713 0.594280 0.202479 0.285681 -0.310077 0.446656 -0.000706 -0.124606 -0.600951 0.020296 0.000110 0.000057 -0.388252 -0.587525 -0.001010 0.050688 0.149736 -0.215624 -0.001055 0.000066 -0.093482 0.000120 0.092489 -0.000091 -0.424073 0.049640 -0.081942 -0.230368 -0.000302 -0.001945 0.052342 0.148218 -0.343645 -0.229662 -0.000565 0.175819 -0.000113 -0.084751 -0.129827 -0.004039 0.114499 -0.000090 0.291389 0.401902 0.520921 0.000218 0.327120 -0.000150 -0.180682 -0.238585 -0.000402 0.111474 -0.199996 -0.294214 0.076468 -0.200827 0.268425 0.049883 -0.755407 0.255217 0.093465 0.270953 0.478653 0.000320 0.164306 -0.016446 -0.000056 0.000528 0.000005 -0.011366 0.404120 0.053290 0.169236 -0.000101 0.045302 -0.000206 -0.044279 -0.252703 -0.000209 0.000533 0.000010 -0.830973 0.108604 0.317069 -0.086238 -0.294444 0.028034 0.110614 -0.050894 0.027533 0.320754 -0.000197 0.319295 -0.180955 0.132754 0.152084 -0.122783 -0.344635 0.005804 0.000131 -0.324617 -0.339915 0.346959 -0.149756 -0.000038 0.000201 -0.000341 -0.090252 0.086800 0.000069 0.108118 0.000141 -0.000153 0.000087 0.132487 -0.000043 -0.103847 -0.000013 0.593705 0.128416 0.339369 0.150504
-0.293680 0.672537 0.033289 -0.000648 -0.223871 -0.103385 0.037196 0.250363 -0.646417 -0.269371 0.039664 0.442596 -0.000175 0.282702 -0.325502 0.027424 -0.000118 0.000109 -1.011362 -0.004113 -0.307455 0.391237 0.458302 -0.099276 -0.001584 -0.000279 0.541557 -0.000080 -0.397990 -0.000301 -0.347214 0.172569 -0.248328 -0.440015 -0.000130 0.021113 -0.408849 0.266401 -0.706420 -0.772349 -0.001780 0.349818 -0.000147 -0.862342 0.293882 0.207958 0.221418 -0.000176 -0.050382 -0.431076 -0.682958 0.000073 -0.073788 -0.000829 0.050923 0.206319 0.000486 -0.594604 -0.535679 0.184479 -0.574274 -0.078738 -0.036594 -0.295075 -0.241655 -0.057761 -0.012019 0.802710 0.325357 0.000729 -0.444674 0.408724 -0.000046 -0.000519 -0.000033 -0.295723 0.052837 -0.148283 0.331506 -0.000042 -0.876144 0.000042 -0.518858 -0.118106 0.000372 0.001036 0.000145 0.470360 -0.460436 -0.832055 -0.782040 -0.900369 -0.592786 0.074691 -0.791712 -0.067522 -0.455450 0.000319 0.722629 -0.735714 0.638680 0.426736 0.051044 0.027345 0.015613 0.000104 0.648797 -0.655056 -0.405169 -0.049982 0.000073 -0.000212 -0.000821 -0.031652 -0.914556 -0.000262 0.283524 -0.000143 0.000052 -0.000030 -0.744385 0.000161 0.305851 0.000063 0.869523 -0.164388 -0.223540 -0.409332
-0.070669 -0.178586 0.046122 -0.000691 0.683162 -0.644222 0.020025 -0.341427 -0.221056 0.436389 -0.503044 -0.510462 -0.000529 -0.704618 -0.166440 -0.682384 0.000108 0.000024 0.469941 0.029941 0.307349 -0.177061 -0.566680 -0.366207 0.000787 -0.000122 0.016805 0.000913 0.105630 -0.000185 0.688707 -0.336353 -0.261012 0.516185 -0.000152 -0.014689 0.788918 0.210394 -0.638384 0.684492 0.000756 -0.316009 -0.000550 0.250076 -0.386753 -0.070874 -0.563538 0.000073 -0.240126 -0.034482 -0.418544 -0.000052 -0.035943 -0.001116 -0.291263 -0.157547 -0.000082 -0.269849 -0.701492 -0.013778 -0.210549 -0.633903 -0.235473 0.539357 -0.011577 -0.574505 -0.707904 -0.668593 0.366995 0.000348 0.343689 -0.290516 0.000177 0.000227 -0.000141 0.560608 0.289747 -0.607064 -0.233958 -0.000053 0.743720 0.000691 0.156429 -0.711803 0.000242 0.000193 0.000116 0.295336 -0.145759 0.236793 -0.610263 0.759942 0.307886 0.693439 -0.305719 0.120699 -0.599454 -0.000037 -0.578256 -0.535998 0.259298 -0.198442 -0.452172 -0.378613 0.535978 0.000366 -0.190853 0.200992 0.547387 0.310582 0.000004 0.000215 -0.000504 -0.000522 0.292051 0.000003 0.422678 -0.000123 -0.000032 0.000048 0.904275 0.000019 -0.065368 -0.000025 0.311731 -0.011878 -0.279613 0.379222
0.152989 -0.121170 0.352179 0.001038 -0.203800 -0.043036 0.015657 0.315914 0.017965 0.439093 -0.203558 -0.315818 0.000746 -0.365818 0.048761 -0.222179 -0.000158 0.000048 -0.256484 -0.371422 -0.156931 0.045111 0.472016 0.357330 0.000286 0.000559 0.060540 0.000071 -0.040573 -0.000111 0.166585 -0.241723 0.142768 -0.514261 -0.000087 -0.014355 0.158739 0.503483 0.320190 0.298772 0.000375 0.242649 0.000055 -0.423940 0.219367 -0.190244 0.166725 0.000081 0.371354 0.215183 0.003389 0.000159 0.685868 -0.000192 -0.075386 0.044593 0.001192 -0.233473 -0.071224 -0.063432 -0.211920 0.025449 0.008053 0.318928 -0.271558 0.658414 -0.028681 -0.347080 -0.127907 0.000512 0.017673 -0.445029 0.000222 0.000666 -0.000166 0.018508 0.099386 -0.191958 0.378343 -0.000015 0.386221 0.000290 -0.387702 1.012020 0.000277 0.000528 0.000244 -0.378340 -0.156048 -0.023517 -0.307409 -0.079812 -0.373382 0.138418 -0.079430 0.141013 -0.288016 0.000315 -0.057157 0.043209 0.000420 -0.476073 -0.246392 -0.277558 0.044657 0.000295 0.022902 -0.153097 0.034126 -0.199872 -0.000136 -0.000031 -0.000597 -0.165065 -0.148459 -0.000126 0.184364 -0.000242 0.000166 0.000029 -0.032940 0.000227 -0.117439 -0.000025 -0.259089 0.059074 0.383419 0.016528
-0.000924 -0.000190 -0.000112 -0.000377 -0.000325 -0.000318 -0.000219 -0.000208 -0.000214 0.000016 0.000031 -0.000314 -0.000074 -0.000781 -0.000157 0.000001 -0.000066 0.000072 -0.000397 -0.000718 -0.000064 -0.000828 -0.000005 -0.000228 -0.000144 0.000024 -0.000136 0.000177 -0.000249 -0.000000 -0.000254 -0.000898 -0.000970 -0.000058 -0.000002 -0.000142 -0.000301 -0.000325 -0.000160 -0.000014 -0.000080 0.000129 -0.000047 -0.000041 -0.000033 -0.000296 -0.000010 -0.000005 -0.000313 -0.000282 -0.000009 -0.000109 -0.000224 0.000092 -0.000138 -0.000067 -0.000239 -0.001091 -0.000636 -0.000117 -0.000176 -0.001121 -0.000506 -0.000006 -0.002793 -0.000297 -0.000221 -0.000131 -0.000174 -0.000079 -0.002447 -0.000075 -0.000090 -0.000210 -0.000061 -0.000146 -0.000282 -0.000292 -0.000247 0.000051 -0.000094 -0.000024 -0.000218 -0.000299 -0.000013 0.000078 -0.000085 -0.000107 -0.000396 -0.000464 -0.000008 -0.000113 -0.001188 -0.000386 -0.000272 -0.000088 -0.000822 0.000042 -0.000356 0.000011 -0.000254 -0.000174 -0.000161 0.000203 -0.000541 -0.000252 -0.000014 -0.000443 -0.000750 -0.001844 -0.000168 -0.000020 -0.000297 -0.000106 -0.000092 0.000085 -0.000193 0.000038 -0.000005 0.000012 -0.000155 0.000123 -0.000063 -0.000037 -0.000128 -0.000096 -0.000584 -0.000769
-0.066254 -0.018542 0.010011 0.000944 -0.019118 -0.059818 0.018869 -0.117783 -0.035747 -0.029951 -0.003509 -0.037034 -0.002968 -0.184870 -0.027174 -0.005918 -0.000179 0.000041 -0.087677 -0.150978 0.007013 -0.063061 0.003799 -0.025984 0.000756 0.000287 -0.026435 -0.000139 -0.010763 -0.000200 -0.091669 -0.086433 -0.163910 -0.017148 -0.000073 -0.006921 -0.099191 -0.000417 0.007916 -0.131394 -0.000415 0.004933 -0.000346 -0.061858 -0.227525 0.004518 -0.177989 -0.000156 -0.024977 -0.051187 -0.119982 0.000142 -0.009724 0.000082 -0.014375 -0.018112 0.001911 -0.026844 -0.026595 0.001007 -0.025470 -0.045043 0.002626 0.013804 -0.229772 -0.117372 -0.006021 -0.148067 -0.022120 -0.000229 -0.062829 -0.189448 -0.000293 -0.000049 -0.000094 0.012395 -0.023376 -0.034256 -0.008139 0.000007 -0.183216 0.000163 -0.000863 -0.054087 0.000279 0.000394 -0.000274 -0.082344 -0.130293 -0.143561 0.002805 -0.042899 -0.109237 -0.068683 -0.056464 -0.025513 -0.067007 0.000246 -0.045117 -0.017824 -0.014803 -0.055109 -0.088408 -0.076037 -0.167366 0.000084 0.004384 -0.059675 -0.039041 -0.041498 -0.000229 -0.000101 -0.000241 -0.004479 0.046910 0.000157 0.013731 0.000132 -0.000014 0.000025 -0.032738 -0.000213 -0.061125 -0.000018 -0.018986 -0.002490 -0.052176 -0.035067
-0.057944 -0.098692 0.011304 0.003633 -0.066005 -0.114771 0.016820 -0.111471 0.040210 -0.074991 -0.123436 0.044388 0.002548 -0.119247 0.035901 -0.157356 0.000244 0.000175 -0.147882 -0.161110 -0.157048 0.040307 0.021440 -0.032565 0.000356 0.000079 0.070126 0.000094 0.016493 -0.000011 -0.051730 -0.050995 -0.086796 -0.162702 0.000145 0.002191 0.044857 0.004415 0.012048 0.064586 -0.001280 0.042618 0.000473 -0.068796 -0.053452 -0.047258 -0.262720 0.000203 -0.019165 -0.036249 -0.175009 -0.000006 -0.090690 0.000364 -0.045561 -0.005758 0.000805 0.001023 -0.190336 -0.005839 -0.050522 -0.110981 -0.040440 -0.128302 -0.271833 0.068549 0.056321 -0.176554 -0.151794 0.000268 0.044980 -0.113356 0.000162 -0.000450 0.000280 -0.189260 -0.143566 -0.194920 -0.098540 -0.000014 -0.198006 0.000205 -0.133431 0.002252 -0.000016 0.000377 0.000227 -0.054836 -0.034204 -0.103624 -0.078756 -0.013816 -0.093752 0.096774 -0.085412 0.046767 -0.128836 0.000058 -0.218287 -0.007414 -0.099547 -0.044802 -0.118768 0.034239 -0.025677 -0.000035 -0.019773 -0.257929 0.041753 -0.098013 -0.000022 0.000247 0.000122 0.007420 -0.010035 0.000012 0.006542 -0.000103 0.000073 -0.000226 -0.053093 -0.000308 0.016172 0.000432 -0.119322 -0.095493 -0.068299 0.032345
