-0.447408
-0.715198
-0.031296
-0.001695
0.455724
-0.202097
-0.011966
-0.853011
-0.234213
-0.327500
-0.682346
-0.000906
-0.782256
-0.781188
-0.707499
-1.120526
-0.989558
-0.001737
-1.106742
-0.434423
-0.051287
-0.568070
2.258519
-0.114925
-0.003091
-0.689220
-0.433005
-0.997322
-0.514298
0.092825
-0.001345
-0.478315
-0.153495
-0.539283
-0.000781
-0.620623
-0.003030
-0.480070
-0.665310
-0.018082
-0.244721
-0.001797
-0.811923
-0.006697
-0.795018
-0.480888
-0.433614
-0.644630
-0.728125
0.738007
-0.276657
-0.899360
-0.026485
-0.006426
-0.649031
-0.324565
-0.662605
-1.010920
0.033243
-0.102534
-0.994509
-0.001397
-0.331463
-0.397415
