-0.195792 -0.960063 -0.005441 -0.000044 -0.254267 -0.459552 -0.005382 -0.053060 -0.053728 -0.615377 -0.310813 -0.000385 -0.035693 -0.912026 -0.548511 0.152724 -0.537222 0.000037 -0.271591 -0.185520 -0.455101 -0.162549 -0.193432 -0.071965 -0.000603 -0.419795 -0.142235 -0.225854 -0.266141 -0.076349 0.000754 -0.224956 -0.039675 -0.061714 -0.000074 -0.297312 -0.001400 -0.254376 -0.292882 -0.005478 -0.604742 -0.000016 -2.311457 -0.001360 -0.454228 -0.555254 -0.471348 -0.482932 -0.905915 0.602556 -0.056417 -0.417043 -0.005538 -0.000573 -0.649723 -0.008189 -0.445220 -0.536338 -0.517503 -0.160406 -0.308847 0.001099 -0.051638 -0.049333
-0.159553 -0.355584 -0.020185 -0.000538 -0.541045 -0.362060 -0.001596 -1.151526 -0.092933 -0.417514 -0.805284 -0.000510 -0.331808 -0.086659 0.005536 -0.197453 -0.174204 -0.000276 -0.370035 -0.566864 -0.319943 -0.127633 -0.176711 -0.012588 -0.000914 -0.539005 -0.149176 -0.111254 -1.002094 -0.375447 -0.000654 -0.519179 -0.101896 -0.190248 -0.000045 -0.072269 0.000744 -0.193323 -0.550255 -0.001885 -0.484783 -0.000575 0.315591 -0.006102 -0.316813 -0.245398 0.579437 -0.533780 -0.958457 -0.294388 -0.084228 -0.253245 -0.005338 -0.000909 -0.359795 -0.960895 -0.242615 -0.722239 -0.379820 -0.285318 -0.880238 0.000000 -0.228354 -0.153628
-0.061198 -0.285966 0.003026 -0.000332 -0.495557 -0.332872 -0.002031 -0.213151 -0.072937 -0.292008 -0.498551 -0.001205 -0.301697 -0.218031 -0.162007 -0.167246 -0.134811 0.000357 -0.395595 -0.563883 -0.080732 -0.061281 -0.341584 -0.093304 -0.001216 -0.360568 -0.063204 -0.492330 -0.425548 -0.310958 -0.000497 -0.045338 -0.064735 -0.292469 0.000021 -0.453556 -0.000250 -0.123662 -0.707904 0.002461 -0.207201 -0.000481 -0.322791 -0.000771 -0.284018 -0.203497 -0.415432 -0.566749 -0.546572 -0.298257 0.007018 0.013429 -0.005467 0.000725 0.002165 -0.514775 -0.392799 -0.461912 -0.374009 0.482179 -0.675208 -0.000158 0.038196 -0.116351
-0.161143 0.255317 -0.025467 -0.001068 -0.455438 -0.264187 -0.006058 0.072873 -0.086940 -0.458034 -0.597734 -0.000489 -0.032666 -0.472434 -0.678342 -0.336873 -0.279730 0.001016 -0.198704 -0.237599 -0.293709 -0.174429 -0.308662 -0.046185 0.003119 -0.216479 -0.171547 -0.235457 -0.319050 -0.733339 -0.000737 -0.016734 -0.095587 -0.116338 -0.000124 -0.511677 0.000410 -0.288802 -0.478406 -0.004341 0.515966 -0.000667 -0.189458 -0.000962 -0.002530 -0.393067 -0.581182 -0.753159 -0.051470 -0.457678 -0.058297 -0.021514 -0.001300 -0.000555 -0.154545 -0.824939 -0.709261 -0.653157 -1.152749 -0.281166 -0.175779 -0.000575 -0.064402 -0.088418
-0.081963 -0.445679 -0.001243 -0.000019 -0.304440 -0.269218 -0.001792 -0.254332 -0.004797 -0.398129 -0.013811 0.000949 -0.328706 -0.491369 -0.365167 -0.195722 -0.699614 -0.001058 -0.315491 -0.536330 -0.591906 -0.043203 -0.397545 -0.211481 -0.000657 -0.149783 -0.045169 -0.306951 -0.236873 -0.277507 -0.000328 0.034109 -0.107752 -0.020829 -0.000429 -0.311916 0.003809 -0.001478 -0.382657 -0.003949 -0.607414 -0.000185 -0.245446 0.003278 -0.037102 -1.004870 -0.129944 -0.116517 -0.410585 -0.226401 -0.169994 -0.173840 0.002092 -0.001003 -0.638026 0.115030 -0.158146 -0.462281 0.594261 -0.298870 -0.618310 -0.000060 -0.096776 -0.113629
-0.109711 -0.233738 0.013875 -0.001196 -0.117865 -0.515002 0.002578 -0.414775 -0.157238 0.140910 -0.628861 -0.000510 -0.272887 -0.177329 -0.270356 -0.396274 -1.511437 -0.000340 -0.455195 0.567480 0.171680 -0.139643 -0.296041 -0.029859 -0.000634 -0.062830 0.070612 -0.302402 -0.213250 -0.493168 -0.000822 -0.374654 -0.105526 -0.064907 -0.000079 -0.102460 -0.000730 -0.211496 -0.355128 -0.000824 -0.189815 0.000189 -0.172931 -0.000542 -0.071708 -0.379152 -0.538983 -0.949850 -0.138486 -0.382893 -0.109681 -0.158526 -0.007404 -0.000209 -0.325604 -0.801560 -0.166798 -0.476382 -0.349334 -0.376194 -0.490042 0.000222 -0.200250 -0.176500
0.022536 -3.187370 -0.003860 -0.000356 -0.776030 -0.833360 -0.004257 -0.257626 0.075244 0.036629 -0.402189 -0.001264 -0.223150 -0.363543 -0.292041 -0.192070 -0.883915 -0.000333 -0.618319 0.014472 -0.477420 -0.148365 -0.264262 -0.042149 -0.000542 -0.281774 -0.134962 -0.645169 0.046228 0.684415 0.000072 -0.720169 -0.032163 -0.013014 -0.000013 -0.045832 0.000681 -0.151741 -0.434668 -0.009683 -0.677772 0.000193 -0.307403 -0.004518 -0.123275 -0.470959 -0.417370 -0.462736 -0.546683 -0.248407 -0.077462 0.007014 -0.007744 -0.000249 -0.632880 -0.167364 0.286833 -0.398843 -0.171789 -0.270146 -0.530528 0.000316 -0.131802 -0.080507
-0.020434 -0.079880 -0.010536 -0.000128 -0.380913 0.532433 -0.004519 -0.805505 -0.052826 -0.335146 -0.265112 -0.000994 -0.264075 -0.497557 0.076053 -0.146968 -0.386960 -0.000700 -0.182974 -0.666310 -0.360409 -0.210289 -0.436106 -0.167427 -0.004317 -0.638036 -0.061869 -0.119777 -0.503377 -1.372793 -0.000619 -0.361879 -0.029977 -0.093149 0.000018 -0.271529 0.000755 -0.199281 -0.147794 -0.003481 -0.360084 0.001162 0.060223 -0.004156 -0.075763 -0.456819 -0.149527 0.014103 -0.196618 -0.319218 -0.056398 -0.355100 0.001820 0.003614 -0.186045 -0.197480 -0.421286 -0.119804 -0.533873 -0.096652 0.117946 0.000138 0.040145 -0.039189
-0.475539 -0.394352 -0.012051 0.000948 -0.211331 -0.415555 -0.007872 -1.174985 -0.010353 -0.704936 -0.757011 -0.001025 -0.421287 -0.694055 -1.483645 -0.778193 -0.881001 -0.000337 -0.776160 -0.259995 0.019898 -0.564134 0.688419 0.053596 -0.000956 -0.520051 -0.136666 -0.169968 -0.494641 -0.391684 -0.000597 -0.452510 -0.024084 -0.153898 0.000430 -0.962999 -0.000419 -0.079302 -1.011100 -0.011948 -0.188421 -0.000704 -0.684039 -0.006593 -0.146585 0.154051 -0.115152 -1.048605 -0.721709 -0.439190 -0.193364 -0.010730 0.000800 0.000074 -0.679043 -1.040371 -0.622274 -0.619416 -0.433913 -0.412861 -0.958872 0.000088 -0.049105 -0.159789
-0.166292 0.009963 -0.002447 -0.000161 0.638322 -0.112171 -0.005148 -0.410938 -0.024354 -0.330626 0.144015 -0.000880 -0.156729 -0.140477 -0.188942 -0.628719 -0.316807 0.000040 -0.266018 -0.391803 -0.860486 -0.142223 -0.447034 -0.262162 0.000167 -0.858127 -0.061112 -0.218495 -0.391876 -0.762256 -0.001753 -0.554676 -0.129269 -0.057649 0.000472 -0.785606 -0.004349 -0.611014 -0.193637 -0.000922 -0.206606 -0.000064 -0.656437 -0.003945 -0.129512 -0.576577 -0.419354 -0.100491 -0.526880 -0.095604 -0.007615 -0.183027 -0.006273 -0.003560 -0.392083 -0.206340 -0.959436 -0.370769 -0.191836 -0.716704 -0.273747 -0.001215 -0.140299 -0.121086
