-0.148636
0.075590
-0.124731
-0.047048
-0.219836
0.374196
-0.232175
-0.203708
-0.267837
-0.389432
0.260240
0.162550
-0.065953
0.251044
-0.330263
-0.103124
-0.003129
-0.003545
-0.151440
-0.391923
0.049823
0.126875
0.135990
0.023781
-0.047795
-0.008554
0.079210
-0.037291
-0.753889
-0.003125
-0.366828
-0.101265
0.251472
-0.857006
-0.004523
-0.030146
0.205567
0.042743
-0.119255
-0.035542
-0.035845
-0.140160
-0.011968
-0.595447
-0.015582
-0.242011
-0.160568
-0.004259
0.082032
-0.405375
-0.065987
-0.004893
0.018700
-0.030583
-0.257621
-0.360626
-0.025497
-0.482090
-0.397145
-0.202990
0.114985
-0.007511
-0.350234
-0.022275
1.318549
-0.201566
0.387210
0.056374
-1.158563
-0.027832
-0.331829
0.320019
-0.002577
-0.016998
-0.004143
-0.126390
-0.369932
-0.168307
-0.231323
-0.003055
-0.162378
-0.015560
-0.997260
-0.157256
-0.008587
-0.045379
-0.005850
0.196298
0.076129
0.002275
-0.096640
-0.001562
0.061178
-0.415826
-0.306370
-0.387520
-0.330357
-0.006969
-0.488570
-0.336745
-0.351522
-0.600617
-0.348800
-0.363452
0.303564
-0.003225
-0.482080
-0.250917
0.026559
-0.485874
-0.004274
-0.004185
-0.018162
-0.181232
-0.224493
-0.002152
-0.204329
-0.003931
-0.002626
-0.001746
-0.089251
-0.007656
-0.143926
-0.014531
0.016750
-0.706273
0.392194
-0.144855
