0.181281 0.305307 0.028268 -0.056146 0.497255 0.071081 0.177986 0.005605 -0.196343 0.327292 0.223565 -0.153172 0.046385 -0.228261 -0.094402 -0.001036 -0.001254 -0.001223 0.144813 -0.653653 0.374720 -0.691882 0.252990 0.155268 -0.037779 0.000339 0.076943 -0.018142 0.243756 0.000135 0.089459 -0.038126 -0.092637 -0.074597 0.005817 -0.013153 -0.017137 0.101954 -0.113066 0.228078 -0.027706 -0.038369 0.006966 -0.176352 -0.604959 0.306289 -0.261427 -0.001902 0.066806 -0.206482 0.183441 0.002593 0.167467 0.000574 -0.329809 0.230381 -0.005081 -0.056428 0.193142 0.195568 0.066972 0.205564 0.282334 0.159959 -0.505011 0.017788 0.269135 -0.512899 0.045527 0.019647 0.215289 -0.143926 -0.002382 -0.006043 0.001205 0.002099 -0.316251 -0.174790 0.520148 -0.002615 0.347038 -0.002506 -0.161945 -0.208536 0.004350 0.046278 -0.003751 0.092242 -0.347637 -0.237162 -0.548901 0.050539 0.322489 0.480329 -0.366251 -0.526933 0.072814 0.006827 -0.243548 0.051512 0.351713 -0.173873 -0.114938 0.104799 0.193240 0.003049 -0.163830 -0.348658 0.801547 -0.062362 0.003545 0.006026 -0.003070 -0.028866 0.130003 0.006776 0.006161 0.001397 0.000915 -0.003833 0.327131 -0.001973 0.313972 -0.003019 0.134480 -0.141295 -0.025574 -0.040710
0.031621 -0.828058 0.606186 0.053290 -0.187040 -0.455570 -0.123846 0.171442 0.239289 0.033254 0.651570 0.275941 -0.012209 0.507630 -0.126768 -0.094724 0.004580 -0.000462 0.389448 -0.378875 0.215809 -0.137596 -0.024503 0.385560 -0.010932 0.002749 -0.234854 0.001569 0.263109 0.001095 -0.493458 -0.611107 0.273241 -0.052417 -0.006343 0.406467 -0.144039 0.406718 0.462550 -0.159531 -0.002946 0.230703 0.001908 0.514652 0.342097 -0.367496 0.289920 0.006590 -0.207263 -0.024351 0.399886 0.007333 -0.032651 0.014930 -0.134714 -0.097485 0.029829 -0.050079 -0.678411 0.277123 -0.405893 -0.445050 -0.273142 0.187259 0.073090 -0.048859 0.061099 -0.853704 0.082603 0.026420 -0.098064 0.112423 -0.001233 -0.005234 0.001828 0.054487 -0.259334 -0.331274 0.218756 0.004942 -0.247189 0.002013 0.292320 0.642714 -0.002257 0.029795 -0.001221 -0.389567 0.250399 -0.405903 -1.049397 -0.561862 -0.589204 0.069797 -0.199352 0.516096 -0.190828 0.009516 -0.684379 -0.337053 -0.498365 0.265616 0.285406 -0.149375 -0.663895 0.003050 -0.540304 0.196831 0.334583 -0.431154 -0.000721 0.003572 -0.001463 -0.004167 -0.237610 -0.000300 0.127905 -0.001322 0.003275 -0.002018 -0.166167 -0.005336 0.302507 -0.008331 -0.787570 0.064846 -0.676993 -0.105943
0.083215 -0.027696 -0.018056 -0.040027 -0.148692 0.090578 -0.025283 -0.051140 0.044051 -0.037384 -0.043856 -0.160016 -0.002782 -0.101354 -0.114283 0.027528 0.003858 0.001172 -0.092013 -0.250663 -0.047426 -0.113510 -0.030741 -0.191643 -0.001739 -0.006712 -0.046078 -0.004485 -0.084696 0.003840 -0.050488 0.024068 -0.145648 -0.219268 -0.006007 -0.119800 0.075817 0.027752 -0.129593 -0.044356 -0.005135 0.045313 0.001861 -0.040987 -0.132560 -0.055485 -0.056133 0.001174 -0.070411 -0.026960 -0.140130 0.003622 -0.022188 -0.002313 -0.043638 0.022490 -0.003587 -0.057920 -0.084122 -0.073985 -0.315333 -0.291701 -0.135768 0.011925 -0.244640 -0.027471 -0.041519 -0.085402 -0.085091 0.008188 -0.022775 -0.158542 -0.000198 -0.000172 0.001459 -0.093830 -0.130211 -0.065233 -0.048627 -0.000694 -0.071494 0.001844 -0.180530 -0.043349 -0.001934 -0.002166 -0.003217 -0.266305 -0.248069 -0.107618 -0.040776 -0.039658 -0.056948 -0.023332 -0.004478 -0.225288 -0.259248 -0.005168 -0.060402 -0.095640 0.206049 -0.172369 -0.206904 0.017846 -0.176803 -0.000756 0.088218 -0.365680 -0.029618 -0.163537 -0.003087 0.001518 -0.001919 -0.039726 0.049802 -0.002868 0.034720 0.002416 -0.000879 -0.005126 0.003766 -0.005064 -0.349678 -0.005854 -0.146565 -0.019406 -0.036993 -0.129846
-0.001188 -0.001265 0.003698 -0.001407 -0.001535 -0.004883 0.003811 -0.001784 -0.007967 -0.031517 -0.000658 -0.004947 -0.003204 -0.001135 -0.001470 -0.004025 0.005744 0.004093 -0.003683 -0.009489 0.001948 -0.011102 -0.004026 -0.001753 0.003616 0.000863 -0.005181 -0.001045 -0.006587 -0.001336 -0.003296 -0.002551 -0.006236 -0.029358 0.000380 0.000751 -0.005005 -0.006245 -0.016746 -0.013657 -0.005003 0.003387 -0.003646 -0.002443 -0.002236 -0.006351 -0.005838 0.003478 -0.006407 -0.025781 -0.003447 -0.000195 -0.000884 -0.004958 -0.002623 0.000231 -0.003051 -0.005309 -0.029666 -0.005733 -0.003773 -0.007043 -0.005791 -0.005562 -0.035324 -0.005523 -0.001978 -0.006075 0.000056 -0.006402 -0.000339 -0.005844 -0.006284 -0.005180 0.000778 -0.003846 -0.003198 -0.002022 -0.005243 0.006632 -0.005909 0.001341 -0.029155 -0.005582 -0.000699 -0.000249 -0.000784 -0.009017 -0.003308 0.002618 -0.005672 -0.001671 -0.014304 0.001919 -0.005343 -0.001917 -0.003368 0.001607 -0.005179 0.000328 -0.008691 -0.010198 -0.003777 -0.000660 -0.008323 -0.006100 -0.006555 -0.035002 -0.004657 -0.002422 -0.000753 -0.004124 0.002683 -0.002836 0.000845 -0.001935 -0.005861 -0.003590 0.001436 0.000045 0.000760 0.000152 -0.003771 -0.005201 -0.002817 -0.003259 -0.002529 -0.006418
0.547527 -0.720486 0.372212 0.070821 -0.273444 0.298222 -0.045564 0.078085 0.117354 -1.009716 0.432221 0.321834 -0.020219 0.377772 -0.097718 -0.701114 -0.004404 0.005215 -0.703072 -0.076555 -0.347651 0.485675 -0.087596 0.709795 -0.001672 -0.007627 -0.675251 0.004640 0.380357 0.000797 0.038124 -0.552555 -0.006653 -0.109850 0.003377 0.403360 -0.417685 -0.089523 0.104682 0.406800 -0.002635 -0.134028 -0.004565 -0.656269 0.511709 0.140237 0.222353 -0.000948 0.082933 0.177847 -0.543825 0.003242 -0.417892 0.010298 0.605542 -0.102746 0.009711 -0.203873 -0.306171 -0.430777 0.302021 -0.219067 -0.450514 -0.474574 0.015150 -0.376548 0.092612 -0.640739 -0.623192 0.002722 -0.193254 0.500269 0.003422 0.009621 -0.006447 -0.964331 -0.356493 -0.329782 0.414709 -0.003758 -1.084767 -0.001169 -0.913697 0.342952 -0.001915 0.007145 -0.000468 -0.234160 0.262648 -0.699050 0.033614 -0.002016 -0.703251 -0.420918 0.029834 -0.321802 0.304308 -0.002882 -0.872903 0.292070 -0.519703 0.319351 0.326762 0.092308 -0.451261 -0.003195 -0.393180 -1.088008 -0.392300 0.290189 -0.000490 -0.006377 -0.002583 -0.070817 0.126785 -0.000053 0.134996 -0.003928 -0.000084 0.000455 -0.381656 0.002949 0.480549 0.009477 -0.565006 -0.107778 0.136068 -0.188890
-0.008251 -0.112274 0.015538 -0.003050 0.059279 0.452882 -0.211818 0.550281 0.147534 -0.075842 -0.346834 0.578961 0.006941 -0.398237 0.222240 0.195478 -0.002315 -0.000676 0.346600 -0.476298 -0.487296 0.057537 -0.431582 0.277482 -0.034538 -0.006377 -0.080669 0.007273 -0.753205 0.003478 0.108136 -0.021639 -0.302134 -0.406665 -0.002161 -0.227741 0.093805 0.003632 -0.586617 -0.548333 0.013137 0.430728 -0.007629 0.271586 0.330871 0.386229 0.579308 -0.003017 0.432308 -0.152599 0.436570 0.008890 0.580245 0.019262 -0.236496 -0.373074 0.025833 -0.184396 -0.136613 -0.360832 -0.412693 -0.771563 -0.162788 0.230222 -0.467840 0.747859 0.196496 -0.020936 0.539030 0.017713 0.401949 0.120518 -0.004363 -0.010198 -0.003994 0.357269 0.624364 0.415536 -0.252138 -0.005629 0.304277 0.001630 0.258506 0.350830 0.000308 -0.024973 -0.001032 -0.808730 0.149398 0.794800 -0.186714 -0.787128 -0.517612 -0.045448 0.244967 -0.211868 -0.006160 -0.002256 0.256848 -0.606921 0.107081 0.726512 -0.378581 -1.248220 -0.456099 -0.001091 -0.240454 0.278666 -0.771354 0.058637 0.004628 -0.005219 -0.002849 -0.049216 -0.616611 0.003929 0.156787 -0.000261 0.004853 -0.004888 0.178302 0.003698 -0.303728 0.000372 -0.188947 -0.507205 0.570054 -0.092900
-0.048907 -0.062344 0.001627 0.040469 -0.077851 -0.050552 -0.101945 -0.037434 -0.088339 -0.019845 0.047825 -0.027172 0.017828 -0.058974 -0.037961 -0.064703 -0.004854 0.000402 -0.046937 -0.113384 -0.030845 0.000544 0.007721 -0.003103 -0.002514 0.006928 -0.050601 0.003274 -0.027105 0.004802 0.000485 0.014753 -0.087652 -0.009862 0.002670 -0.020846 -0.018372 0.000624 -0.037902 -0.066222 -0.005198 0.010187 0.008516 -0.107096 -0.065954 0.012180 -0.049807 -0.000516 -0.032809 -0.068959 -0.010646 -0.000783 -0.044509 0.009369 0.012550 0.024163 0.007103 -0.060341 -0.035786 -0.112023 -0.134321 -0.148506 -0.034366 -0.003359 -0.127021 0.018166 0.041039 -0.027920 -0.076523 -0.001025 -0.015612 -0.011910 -0.000656 0.000716 0.001882 -0.019070 -0.123182 -0.064294 -0.079429 0.000744 0.011379 0.004262 -0.066276 -0.132040 0.004675 0.029087 -0.000095 -0.155242 -0.102198 -0.120507 -0.089541 0.008276 -0.147950 0.003220 -0.062034 0.001001 0.002423 -0.004509 -0.041556 -0.063862 -0.031058 -0.094402 -0.019526 -0.034681 -0.035494 -0.002904 -0.020303 -0.106505 -0.051103 -0.024765 -0.002980 0.004260 0.006979 0.028572 0.008758 -0.000761 -0.009372 -0.004783 -0.005263 -0.002923 -0.072543 0.012858 -0.033735 -0.002832 0.023034 -0.015844 -0.048943 0.035770
0.003071 -0.103757 -0.021144 -0.008273 0.028583 0.021301 0.001225 -0.085964 -0.107782 0.011429 -0.092417 -0.166927 -0.016095 -0.071883 -0.020148 -0.059843 -0.000643 -0.000045 -0.168832 -0.204611 -0.092924 -0.085104 -0.045851 -0.012483 0.020000 0.002836 0.008090 0.001529 -0.181564 -0.001450 -0.116013 -0.046916 0.011815 -0.123133 0.000103 0.015247 -0.038737 0.000002 -0.011461 -0.133399 -0.018861 0.047240 -0.000258 0.023981 -0.080843 -0.020232 -0.193721 0.000071 -0.006327 -0.052776 -0.004381 0.004384 0.007741 -0.008387 -0.017484 0.004449 -0.011481 -0.101837 -0.148163 -0.002121 -0.169744 -0.118917 0.025239 0.065024 -0.206455 0.072803 -0.045287 -0.038911 -0.039329 -0.022547 -0.026904 -0.069222 -0.001798 0.003547 -0.003500 -0.068281 -0.103464 -0.094027 -0.021650 0.003503 -0.177003 0.012032 -0.093108 -0.067774 -0.000444 0.019520 -0.003999 -0.120781 -0.148771 -0.080656 -0.175585 -0.146032 -0.155660 0.060297 -0.137568 -0.012300 -0.069020 0.011167 -0.083698 -0.053573 -0.079266 -0.147287 0.037954 -0.125714 -0.228841 -0.003326 -0.171356 -0.151342 -0.001140 -0.031148 -0.003164 0.000010 0.005707 -0.014109 -0.123216 -0.000925 -0.097090 -0.003200 -0.002113 0.003973 -0.014629 -0.000595 -0.140368 -0.006124 -0.078544 -0.088709 -0.083903 0.005231
0.070065 0.165745 -0.118941 -0.017358 0.198194 0.645857 -0.073777 0.010540 -0.058996 -0.006930 -0.073586 0.210428 -0.017288 0.038924 0.141145 0.439671 0.000103 -0.000845 0.200545 -0.725875 0.002451 0.377902 0.124838 -0.436672 0.009691 -0.006642 0.001605 0.007848 -0.161635 -0.002745 -0.371990 0.082614 -0.133380 -0.285778 -0.003431 -0.248230 0.124236 0.459306 0.339564 0.556707 0.003501 0.465302 0.002832 0.029699 -0.083237 0.017957 -0.058757 0.000357 -0.197023 0.234743 -0.256843 0.005561 -0.265401 0.008608 0.315827 0.153571 0.012016 0.366618 0.071593 0.192622 0.002123 0.148463 0.502229 -0.254658 -0.331668 0.034693 0.632719 0.062334 -0.088641 -0.001783 -0.094547 -0.081718 0.000205 0.007732 -0.000510 -0.212987 -0.012746 0.100207 -0.030263 0.005452 -0.317356 0.002839 -0.185607 0.085441 -0.003150 0.017024 -0.001095 0.050728 -0.456713 0.100714 -0.211262 0.133784 -0.050872 0.010689 -0.253461 -0.313597 -0.006108 0.003536 0.178733 0.367721 -0.179731 -0.036934 0.071326 0.441137 -0.372742 -0.002327 -0.347843 0.066312 1.261580 -0.107332 0.006850 -0.000022 -0.004894 0.140460 0.516707 0.000532 0.043356 0.000765 0.003519 0.006132 -0.478288 0.010874 -0.094961 -0.008315 0.058380 0.913448 0.243584 -0.415632
-0.064475 -0.084160 -0.099360 -0.017310 -0.120446 0.086377 -0.032715 0.035113 -0.239235 -0.203611 -0.023380 -0.048780 -0.040164 -0.095371 0.136625 0.120336 0.000201 -0.004672 -0.190128 -0.225375 -0.093119 -0.128429 -0.191179 -0.225089 -0.004333 -0.000495 -0.129476 -0.013387 -0.277579 -0.001060 -0.233649 -0.100781 -0.143096 -0.171193 -0.001601 0.060679 -0.029371 -0.013284 0.004979 0.019120 0.012139 -0.001739 -0.000091 -0.296199 -0.177592 0.066736 -0.028869 0.001666 -0.203686 -0.185393 -0.045228 0.000796 -0.209253 -0.003303 -0.068385 -0.013624 0.001250 -0.225548 -0.166579 -0.023004 -0.130944 -0.195719 -0.053812 -0.056331 -0.366558 0.057419 0.111880 -0.232039 0.033727 0.007467 -0.049692 -0.438025 -0.001339 -0.003818 0.003873 0.067234 0.218305 -0.347572 -0.045032 -0.000450 -0.041450 -0.000333 -0.293758 -0.112149 -0.003336 -0.002447 -0.006242 -0.234532 -0.058272 -0.083152 -0.059584 -0.129742 -0.124670 0.073105 -0.331736 -0.198914 -0.035319 0.001757 -0.142462 0.092043 0.047293 0.067592 -0.350012 0.068169 -0.111049 0.006359 -0.129577 -0.461549 0.078350 -0.169705 -0.004277 -0.006719 -0.007334 -0.064407 -0.033026 0.000973 0.035676 -0.002972 0.001464 -0.000493 -0.006073 -0.003799 -0.387619 -0.005140 -0.183023 0.202650 -0.351289 -0.241016
-0.248228 -0.357930 0.066390 -0.014260 -0.056862 -0.223288 0.039087 -0.219269 -0.189914 -0.049420 -0.067013 -0.264973 -0.013638 -0.443050 0.461758 0.241256 0.006482 0.003139 -0.119210 0.069030 0.020653 -0.095883 -0.100327 0.040383 -0.015170 0.001416 -0.058863 -0.029861 -0.234250 -0.006006 -0.145790 -0.075640 0.031501 -0.022104 -0.008801 -0.023222 -0.051623 0.045782 0.187289 -0.067347 0.010395 -0.006143 -0.002493 0.010540 -0.104230 -0.004913 -0.192233 0.003377 -0.204571 -0.134379 -0.132459 0.004429 -0.099991 0.027506 -0.082922 -0.012742 0.036309 -0.196170 0.248020 0.121342 0.272687 -0.176270 0.152920 0.046915 -0.168458 -0.133481 0.198634 -0.218901 -0.289000 0.004573 -0.062526 -0.362419 -0.000878 -0.006362 0.001337 0.057867 0.150009 -0.352544 -0.000818 0.004185 -0.219006 0.003599 0.198787 0.115463 0.007309 0.002207 0.004898 -0.474605 -0.277295 -0.114537 -0.361078 -0.015309 -0.382086 0.037341 -0.029015 -0.168869 -0.255632 0.003141 -0.277023 0.006675 0.079291 -0.278728 -0.021285 -0.082725 -0.193203 -0.001211 -0.144829 -0.011620 0.033203 -0.009587 -0.004521 -0.000969 -0.003429 -0.029528 0.051917 0.004859 0.111856 -0.000623 0.006798 -0.005273 -0.307604 -0.000604 -0.204922 -0.006161 -0.276056 -0.129130 -0.192053 -0.025122
-0.000620 -0.024100 -0.001836 0.000487 -0.005314 -0.002071 -0.006042 -0.005128 -0.005882 -0.001009 -0.004540 -0.002335 -0.005449 -0.003846 -0.007275 -0.002221 0.003477 -0.004004 -0.000122 -0.001087 -0.006077 -0.004038 -0.005445 0.003882 -0.003225 -0.000289 -0.003833 0.000919 -0.001410 -0.000896 -0.001134 -0.001577 -0.006878 -0.024080 0.004375 -0.004239 -0.006836 -0.004560 -0.012119 -0.003061 0.000846 -0.002121 -0.006565 -0.004088 -0.016145 0.000238 -0.006083 0.003696 -0.000035 -0.004711 -0.001447 0.000529 -0.005971 -0.004552 -0.001282 -0.006878 -0.005044 -0.024456 -0.004268 -0.000824 -0.003632 -0.004184 -0.004495 0.000076 -0.006308 -0.001848 -0.006821 -0.002771 0.000356 -0.003315 -0.002250 -0.004001 -0.005834 -0.006601 -0.000871 -0.005059 -0.004614 -0.004341 -0.003433 -0.000622 -0.004631 -0.000660 -0.004411 0.000585 -0.003445 -0.005352 -0.003762 -0.010743 -0.000862 -0.003053 -0.000975 0.000276 -0.003166 -0.006080 -0.003914 -0.000103 -0.006473 -0.002104 -0.001572 -0.002353 -0.004468 -0.026146 -0.002515 -0.004575 -0.000089 -0.004771 -0.006016 -0.003702 0.000351 -0.002407 -0.004091 0.000470 -0.000420 -0.002063 0.000551 0.000477 -0.001344 0.006323 0.004343 -0.004714 -0.001964 -0.004754 -0.000461 -0.001418 -0.000655 0.000768 -0.006874 -0.001525
-0.010357 -0.129488 0.004543 -0.003718 -0.164944 0.067276 -0.060463 -0.136698 0.158657 -0.075272 0.075225 -0.029135 -0.002469 -0.257509 0.217980 -0.133729 0.001184 -0.004746 0.007676 -0.501351 0.082975 -0.105806 -0.120178 -0.045543 0.027646 -0.002169 -0.065266 -0.009383 -0.001495 0.000429 -0.251720 0.061737 -0.070736 -0.111629 -0.005438 -0.248039 -0.037519 -0.046466 -0.080281 0.158217 -0.005015 -0.072110 0.001098 -0.239722 -0.290940 -0.088401 -0.050130 -0.001788 -0.067985 -0.271208 -0.248149 0.008588 -0.115615 0.005547 -0.031830 0.083366 -0.011782 -0.040530 -0.375547 -0.040426 -0.195993 -0.084043 -0.210813 -0.016074 -0.368596 0.044922 -0.001775 0.023202 -0.133397 -0.028305 0.212949 -0.080502 -0.004937 0.004723 0.003304 -0.294881 -0.199243 -0.183564 -0.296540 0.003620 -0.452900 0.000638 -0.316881 -0.020876 0.005600 0.006294 0.001929 -0.208156 -0.224333 0.161215 -0.192955 -0.077106 -0.300597 -0.109293 -0.071224 0.077347 -0.003889 0.007099 -0.159933 -0.339604 0.167306 -0.170898 -0.132459 0.067307 -0.348509 0.000495 -0.067911 -0.241034 0.113554 0.033527 -0.001049 0.001540 0.024349 -0.044320 -0.009130 -0.000757 0.003608 -0.005537 0.000964 -0.001484 -0.110914 -0.000258 -0.001838 -0.002617 -0.009842 -0.001263 -0.203084 0.017526
-0.175002 0.022951 0.072297 0.021033 0.242262 -0.443652 0.080789 -0.137024 -0.060325 -0.156785 0.457057 -0.065872 0.005751 -0.042652 0.103909 0.901073 0.000356 0.000884 -0.107437 -0.252075 0.546489 -0.260628 -0.012964 -0.151590 -0.035623 0.002991 0.003309 -0.019903 -0.307157 0.004560 0.125460 0.263433 -0.287944 -0.252594 0.005448 -0.236282 -0.093519 -0.026517 0.160199 0.353809 0.017242 0.608507 -0.000577 -0.310770 -0.218628 -0.083384 -0.103032 0.004610 -0.303541 -0.071804 -0.020832 -0.010410 0.135187 0.010900 0.691297 1.150889 0.009154 0.070724 0.034452 0.421623 0.143859 -0.093232 -0.039166 0.112995 -0.392601 0.249971 0.672411 0.227002 0.043438 -0.014533 0.027021 -0.351117 -0.002773 -0.008381 0.006435 -0.060273 0.070475 0.512659 0.031286 -0.005854 -0.242744 -0.003704 0.051079 -0.634793 0.001255 0.031085 -0.002330 -0.207277 -0.325194 -0.286610 -0.067391 0.409896 -0.247179 0.191501 -0.195146 -0.037245 -0.228414 0.002542 0.096060 0.019260 -0.073442 -0.277121 -0.533189 0.151422 -0.195341 -0.000835 0.071616 -0.152379 0.112041 -0.035509 0.006674 0.001861 -0.010114 -0.067114 -0.047800 -0.006882 0.002350 -0.002891 -0.000896 -0.004249 -0.021601 0.006144 -0.705028 0.005050 0.689991 0.636655 0.126054 -0.119745
0.600402 -0.379424 0.332142 -0.047376 0.407536 -0.060039 0.267007 -0.239159 -0.258340 0.318621 0.160933 0.016215 -0.030891 0.012081 -0.226406 -0.262331 -0.001281 -0.002349 0.079818 -0.809394 0.012152 -0.026350 0.519846 0.428193 0.000382 -0.000436 -0.355214 0.005168 0.070647 0.002634 -0.532078 -0.057334 -0.382719 0.613280 -0.002854 -0.358851 0.170857 0.040519 0.005736 0.371808 -0.025159 -0.092550 -0.002046 -0.594630 0.122595 0.203185 -0.161080 -0.004128 -0.391978 -0.007589 -0.581842 -0.001736 -0.028796 -0.000946 0.695011 -0.091453 0.022854 0.139110 -0.123208 -0.010987 -0.271999 0.233118 -0.015464 -0.058796 -0.845382 -0.047453 0.253536 -0.285090 0.069697 -0.019380 0.212875 -0.458188 -0.006114 -0.001829 -0.001905 0.116599 0.385731 -0.070758 0.153637 -0.003816 -0.131758 0.001072 -0.155721 -0.194128 -0.013691 -0.031453 -0.004487 -0.123707 0.246198 0.197221 -0.134358 0.096305 0.042895 0.207335 -0.157179 0.078406 0.126141 -0.003567 0.278792 0.286206 0.281643 -0.082066 -0.491432 -0.095751 -0.052759 -0.000759 -0.174886 0.245144 -0.113556 -0.192036 0.000567 -0.005242 -0.003796 -0.150609 0.151468 0.003909 0.289722 0.000714 -0.000559 -0.003199 0.037250 -0.000823 -0.063624 0.000315 -0.101470 -0.267978 -0.112130 0.142857
-0.017792 -0.036208 0.007428 0.008548 -0.037086 0.035854 -0.039116 -0.061067 -0.053711 -0.060624 -0.017341 -0.029524 -0.047979 -0.036191 0.008211 -0.069962 -0.002949 -0.005268 -0.012011 -0.087002 0.005525 -0.068704 -0.058471 0.033768 -0.022640 0.000280 -0.018735 -0.024583 0.047584 0.002802 -0.056368 -0.140429 -0.091024 -0.097813 0.000849 -0.046422 -0.052638 -0.005954 -0.060859 -0.052508 -0.001785 -0.006132 0.003748 -0.082765 -0.036994 0.007441 -0.056468 0.000430 -0.039792 -0.063197 -0.049757 -0.006029 0.022538 0.005291 -0.001970 0.004265 -0.001085 -0.052124 -0.027269 0.031158 -0.039547 -0.033927 -0.022297 -0.031147 -0.130520 -0.062572 -0.015197 -0.040445 -0.071099 0.002274 -0.060490 -0.058715 -0.003466 0.001899 0.000464 -0.033690 -0.041414 -0.152885 -0.025018 0.002651 0.051591 -0.000052 -0.085620 0.003095 0.002225 -0.021091 0.002718 -0.075357 -0.051999 0.024943 0.004712 -0.042607 -0.068782 0.027247 -0.039910 -0.020669 -0.047082 -0.003144 0.005557 -0.028759 0.026199 -0.069362 -0.115311 -0.100965 -0.091791 0.002319 -0.032171 -0.103965 -0.002994 0.003941 0.005207 0.001211 0.010277 0.001761 -0.018847 -0.001870 0.010466 -0.004950 -0.000085 -0.001273 -0.027563 0.006101 -0.051993 -0.004540 0.010811 -0.003051 -0.002182 -0.017162
0.122139 0.508874 -0.120143 0.065161 -0.084967 -0.329159 0.090734 0.275754 -0.437829 -0.014419 0.078767 0.275622 0.017585 -0.552693 0.405984 -0.037897 0.002113 0.001409 -0.436252 -0.260945 0.147677 0.270676 0.383191 0.105010 0.014914 0.006804 0.297692 -0.000688 -0.601373 -0.002521 -0.219439 -0.051735 0.455370 -0.195800 -0.003210 0.023686 -0.066010 0.299854 -0.224268 -0.293282 -0.008561 0.066623 -0.009316 -0.047460 0.208468 0.054313 0.088668 -0.000142 -0.291430 0.013427 0.222659 0.004529 -0.161890 0.010272 -0.082867 -0.315378 -0.024939 -0.088904 -0.035538 0.100054 -0.028564 -0.261515 0.139103 -0.279818 -0.187228 0.718554 -0.496595 0.331524 -0.029360 -0.006844 0.055328 -0.251615 -0.000859 0.006975 -0.001325 -0.219796 -0.024839 -0.401912 -0.191006 0.003791 0.017199 -0.000091 -0.540348 0.133008 -0.007047 -0.011740 -0.000268 0.104334 -0.096326 0.241618 -0.486243 -0.730082 -0.223979 0.177325 0.179964 0.295927 -0.118848 0.001012 0.495203 -0.107994 -0.015619 -0.451999 -0.350995 -0.622676 0.017034 0.002141 0.098451 -0.057533 -0.018037 0.339476 -0.001882 0.004790 -0.000120 -0.063820 -0.132201 0.000965 0.256134 -0.001631 -0.002438 0.000418 -0.151012 -0.002413 -0.406867 -0.000658 0.219868 -0.283771 -0.435833 0.330506
-0.000562 -0.007697 -0.001790 -0.005045 -0.001263 -0.005284 -0.027622 -0.016939 -0.018697 0.003535 -0.015433 -0.008637 0.000446 -0.027090 -0.006057 -0.004431 0.001472 0.003878 -0.014908 -0.028356 0.000122 -0.030626 -0.003020 -0.014447 0.002619 0.002977 -0.007242 -0.025795 -0.007759 -0.002959 -0.002687 -0.014297 -0.025277 -0.004562 0.001569 -0.000168 -0.013018 -0.001176 -0.027613 -0.034313 -0.002936 0.005182 -0.003246 -0.015947 -0.031614 -0.002090 -0.012716 0.002692 -0.001512 -0.041744 -0.014149 -0.006818 -0.024112 -0.002917 -0.022940 0.001222 -0.015857 -0.026696 -0.025274 0.005391 -0.014579 -0.004050 -0.020191 -0.014063 -0.035896 -0.001863 -0.000720 -0.011086 -0.009790 -0.009764 -0.006516 -0.027911 0.001383 -0.006347 -0.000123 -0.017492 -0.024277 -0.001764 -0.020846 0.002366 -0.012012 0.002854 -0.002857 -0.031753 -0.007258 0.000698 -0.002938 -0.021801 -0.007909 -0.000046 0.004060 -0.007902 -0.010210 -0.009009 -0.008451 -0.024293 -0.010574 -0.000224 -0.000668 -0.028409 -0.002373 -0.018720 -0.021821 -0.004507 -0.044102 0.000398 -0.016701 -0.023386 -0.022985 -0.008483 -0.000993 0.001908 -0.006315 0.012440 -0.002982 0.003447 0.004486 -0.002006 0.001912 -0.001146 -0.017861 -0.005329 -0.002829 0.003817 -0.006917 -0.002264 -0.030811 -0.022275
0.315019 0.140720 0.119928 -0.029911 0.182813 0.587179 -0.215923 0.091530 0.306552 -0.224645 -0.173405 -0.128354 0.013293 0.084498 0.310453 0.047451 -0.000472 -0.002669 -0.055972 -0.422595 -0.149393 0.185533 0.203030 0.203739 -0.000112 -0.003078 -0.283217 -0.001359 -0.180826 -0.001315 -0.061320 -0.251140 0.002654 -0.612216 0.001077 0.014247 0.246023 0.277830 -0.775014 0.042379 -0.002556 0.220341 -0.002854 0.145270 -0.246176 0.121797 -0.110132 -0.000818 0.741659 0.055294 0.381893 -0.000896 0.157846 0.001490 0.061580 0.425096 -0.021147 -0.233016 0.054042 0.301053 -0.053885 -0.282348 -0.133288 0.051594 -0.671978 0.078568 0.107656 -0.218782 0.025883 0.000475 0.323782 -0.034044 -0.005518 -0.014486 -0.000234 0.107309 0.351893 0.172263 -0.246586 0.002286 0.278746 -0.004036 -0.231264 0.011659 -0.000529 -0.000202 -0.002782 -0.713360 -0.042436 0.752064 0.057819 0.357961 -0.158638 -0.315421 0.198246 -0.082200 0.326983 -0.000992 0.478881 0.205480 0.217348 0.280459 -0.025274 -0.003323 -0.127687 -0.002544 -0.380140 -0.238908 0.205932 -0.289019 -0.004408 -0.003436 0.005050 0.185277 0.171358 0.003256 0.374098 -0.002129 0.001290 -0.003221 0.226293 -0.003791 0.214451 0.002597 0.086537 -0.064975 0.087844 -0.097018
-0.148568 0.196153 -0.028777 -0.031378 0.049355 1.080113 -0.258005 0.128592 -0.006869 -0.849240 0.355480 -0.324698 -0.035971 0.159619 -0.167784 0.402640 -0.006161 -0.002522 -0.213011 -0.182482 0.299205 0.168980 -0.243970 -0.191242 -0.022845 0.004892 -0.135490 -0.011539 -0.727946 -0.002531 -0.111272 0.281927 0.555245 -0.992102 -0.002073 -0.164362 -0.055782 0.443069 0.289529 0.459290 -0.024371 0.416783 -0.000658 -0.402406 -0.036034 0.724031 -0.460605 -0.001110 -0.765037 -0.247268 0.572325 -0.007455 -0.457754 0.001261 -0.259379 0.217111 -0.022781 0.205776 0.462541 0.340963 0.582658 0.693817 0.392907 -0.728367 0.054413 -0.319567 0.647208 -0.296531 -0.407165 -0.001172 -0.276145 -0.143551 0.000312 -0.006498 -0.000300 0.086904 -0.014466 0.746756 -0.170750 0.001345 -0.508460 -0.002116 -0.291917 -0.119510 -0.002668 0.061520 0.003147 -0.125991 0.038133 0.210282 0.717967 -0.483763 0.094165 -0.196087 0.110819 -0.790348 0.874705 0.002314 -0.070649 0.512281 0.110181 -0.620900 0.186147 0.352874 0.003124 -0.005090 0.183851 -0.123398 0.462285 -0.398942 -0.005406 -0.002874 0.025244 -0.007428 0.751327 -0.006192 0.007438 -0.005769 -0.006509 0.006634 -0.144442 0.004299 -0.196147 0.006510 -0.332936 -0.174496 0.351959 -0.538730
0.053151 0.210874 0.130867 -0.024989 -0.312222 0.151632 0.280113 0.227866 0.372508 -0.201694 -0.074418 0.223066 -0.018395 0.328493 -0.126977 -0.114803 0.006708 -0.008280 -0.127160 -0.199359 0.448485 -0.194244 0.113824 0.012541 0.031561 -0.008254 -0.522730 -0.004664 -0.062804 -0.003339 0.019931 -0.132859 0.049945 -0.409299 -0.001400 -0.258404 0.162518 0.176092 -0.264633 0.653593 0.007511 0.152815 0.000117 -0.221234 -0.399646 -0.068649 -0.249282 0.002261 -0.717288 0.308686 -0.219059 -0.006740 -0.057791 0.026071 0.087506 0.313131 0.008049 -0.058985 -0.133837 -0.197208 -0.120266 -0.102415 0.067084 0.132603 -0.673703 -0.327854 0.190525 -0.185147 0.117215 -0.005467 -0.592333 -0.250706 -0.003009 -0.006078 0.000184 -0.181764 0.217536 -0.331896 0.014070 0.004190 -0.205827 0.001426 -0.208320 -0.008788 0.001184 -0.017333 -0.003128 -0.096204 0.016216 0.143173 0.101626 0.452190 -0.039292 0.053087 0.459077 -0.320531 -0.194729 -0.002169 -0.275510 0.045544 0.271344 -0.142297 -0.364162 0.524103 -0.022520 -0.010705 -0.132887 0.045674 0.357970 -0.257034 -0.000356 -0.002283 0.008566 -0.061089 0.138570 -0.000716 0.033685 -0.002521 -0.001628 0.006405 0.126638 0.005477 -0.339533 0.002608 0.026537 0.083992 -0.012172 -0.326094
0.256189 0.147968 0.007883 -0.006919 -0.233903 0.019085 -0.268163 -0.021050 -0.402832 -0.104101 -0.085282 -0.233026 -0.003030 0.093601 0.078869 0.094866 -0.001214 0.005325 -0.192272 -0.267698 -0.294661 -0.239074 0.173735 -0.062784 -0.006201 0.000938 -0.375267 -0.018316 0.061122 0.001639 -0.202661 -0.011519 0.018219 -0.226915 0.000354 -0.009756 0.149710 -0.195308 -0.025991 -0.108946 0.000164 0.272846 0.004435 -0.122007 -0.071496 0.174243 -0.311284 -0.003120 0.026278 0.688311 -0.163957 -0.001815 -0.062803 -0.001133 -0.121835 -0.171685 -0.002077 -0.093894 0.104359 -0.111427 0.227025 -0.146814 0.033212 -0.070326 -0.206741 -0.004885 0.097958 -0.250568 -0.003641 0.000951 0.114194 -0.463244 -0.004342 -0.008904 0.004278 -0.301920 0.370715 -0.012009 0.032648 0.002147 -0.324141 -0.000821 0.039056 -0.096639 -0.003393 -0.003631 0.006574 -0.502849 -0.124153 0.160834 -0.596966 -0.335185 -0.106062 -0.097186 -0.252843 -0.018980 -0.283818 0.000094 -0.244121 -0.469061 0.102272 -0.055674 -0.449964 -0.080513 -0.254661 -0.004074 0.069322 -0.093117 -0.433613 -0.138471 0.003973 0.001884 0.001037 0.117913 -0.058447 0.000182 -0.242199 0.000548 -0.003641 -0.000437 -0.010870 0.002820 -0.287697 0.002783 0.798358 0.161682 -0.077962 -0.573925
0.187623 -0.091460 -0.074993 0.014251 -0.266855 -0.174525 0.074187 0.194436 -0.284764 0.055981 -0.449208 -0.504390 0.000776 -0.614689 0.054696 -0.972283 0.002450 0.000751 -0.211519 -0.130282 -0.079793 0.500647 0.053022 -0.456752 0.001485 -0.000612 -0.243475 0.052730 -0.054235 -0.000176 -0.289533 0.030032 0.563692 -0.445272 -0.002412 -0.314861 -0.542437 0.393362 0.644176 -0.129792 0.010238 -0.278020 0.003974 -0.153880 -0.471477 -0.572451 -0.393128 0.002218 -0.296552 0.487012 -0.091846 0.005174 -0.255538 0.009643 -0.097079 -0.011619 -0.016562 -0.491957 -0.251707 0.011126 -0.272410 -0.138278 0.132443 -0.585524 0.509624 -0.804974 -0.046934 -0.032292 -0.597781 -0.013716 -0.624644 0.101029 0.005665 0.007016 0.001799 -0.691753 -0.352944 -0.175478 -0.472130 -0.005592 -0.166876 -0.002685 -0.315753 -0.139533 0.001780 0.031914 0.005139 -0.008890 -0.084357 -0.199595 -0.467453 -0.724119 0.315357 -0.363415 0.006898 0.117391 0.225141 -0.004701 -0.224866 -0.075379 -0.491861 -0.622641 -0.676571 -0.442293 -0.452512 -0.004562 -0.419610 0.189930 -0.331892 -1.002073 0.004810 -0.000233 0.000371 -0.135935 -0.271411 0.003813 0.213724 0.002182 0.000571 -0.000614 0.069478 0.000962 -0.302082 -0.002998 0.118513 -0.464978 -0.803443 0.090104
0.210033 -0.114001 0.069297 -0.017929 -0.225479 0.431775 -0.395541 -0.574496 -0.400830 -0.082563 -0.312628 -0.205927 0.002894 -0.065183 0.194427 -0.139339 0.006001 0.006851 0.446123 -0.346118 0.081200 -0.111701 0.061489 0.215105 -0.018144 0.003129 -0.185799 0.005749 -0.103370 -0.003619 -0.332603 -0.337105 -0.405860 -0.686013 -0.003489 0.309668 -0.189798 0.339040 0.515517 0.275544 -0.000239 -0.072992 0.009638 0.093345 -0.532977 -0.013023 -0.243149 0.001221 -0.643457 0.036841 -0.068142 -0.000234 -0.002260 0.013364 0.008178 -0.331581 -0.003229 0.012692 0.365473 0.079431 -0.384775 0.148782 0.243534 -0.390433 -0.483908 0.277286 0.271753 -0.437392 0.003435 0.023563 0.429231 -0.401224 0.004644 -0.005903 -0.003624 0.025025 0.130884 -0.010751 -0.770192 -0.001244 -0.556272 -0.000559 -0.434442 0.142597 -0.005993 0.005898 -0.001463 -0.066862 0.310742 -0.074497 -0.415448 0.124891 -0.277871 -0.216185 -0.018151 -0.273440 0.309126 -0.001982 -0.138678 0.363570 -0.320021 -0.843338 -0.165063 0.390685 -0.038376 0.001616 0.019726 -0.367879 0.053777 0.210517 0.003310 0.004764 -0.006502 -0.007986 0.302918 0.000075 0.062045 -0.001704 0.005759 0.002758 -0.511576 0.000090 -0.286819 0.000736 -0.124052 -0.572423 0.137687 0.130031
-0.007048 -0.009543 -0.002244 -0.014796 -0.027877 -0.005632 -0.033814 -0.002462 -0.001037 -0.058593 -0.025466 -0.031443 -0.012462 -0.027218 -0.020353 -0.006728 -0.000179 0.000436 -0.046026 -0.019350 -0.008664 -0.006150 -0.012909 -0.009134 -0.002049 0.005881 -0.000303 -0.008891 -0.022623 0.002069 -0.011971 -0.009954 -0.012312 -0.034514 0.006567 0.004186 -0.020493 -0.019904 -0.007913 0.014825 0.000798 0.001026 0.007178 -0.040688 -0.028822 0.009002 -0.019544 -0.004076 -0.000496 -0.020582 -0.004043 -0.005376 -0.006921 0.000249 -0.005192 -0.008174 -0.014017 -0.023060 -0.025775 -0.014402 -0.016138 -0.028135 -0.024905 -0.008486 -0.076057 -0.027552 -0.006157 -0.015589 -0.021642 -0.005734 -0.007656 -0.007039 -0.000310 -0.005254 -0.001482 -0.011865 -0.003146 -0.018568 -0.014524 0.001558 -0.000685 -0.005276 -0.077981 -0.016353 0.013564 -0.001381 -0.005804 -0.018766 -0.013411 -0.003470 -0.008553 -0.016829 -0.032249 0.000036 -0.011907 -0.076218 -0.001682 -0.001096 0.008128 -0.042564 0.001716 -0.037431 -0.023214 -0.009402 -0.011453 -0.002183 -0.018295 -0.044916 -0.000739 -0.010637 -0.000405 -0.000306 -0.019165 0.006445 -0.009514 -0.005676 -0.028835 -0.004141 0.000903 -0.001770 -0.010189 -0.005430 -0.011411 0.006593 -0.010852 -0.004932 -0.021539 0.006709
0.446230 -0.319671 0.013808 -0.008796 0.174324 -0.195458 0.327247 -0.471075 0.273490 -0.056059 -0.085694 -0.092833 -0.002769 -0.258016 0.566987 0.350967 -0.002146 -0.007923 -0.350812 -0.353409 0.453081 0.291390 -0.058752 -0.118697 -0.024397 -0.004442 -0.148559 0.006904 -0.015592 0.002836 -0.012219 0.618614 0.047209 -0.248225 0.009923 -0.009673 0.309537 -0.005924 -0.063318 -0.378185 0.031976 0.135924 0.000747 -0.472559 -0.008543 -0.176710 -0.236483 -0.002604 0.123516 0.219358 -0.086516 -0.004125 -0.184761 -0.007455 0.058861 0.201637 0.004162 -0.298376 -0.308551 0.616557 0.210536 -0.160698 -0.057151 -0.005374 -0.368926 0.015221 0.139250 -0.067185 -0.126963 0.011996 0.093610 -0.205559 -0.003788 -0.014278 0.003878 -0.290989 0.152009 -0.060253 -0.070815 0.000301 -0.165486 -0.007977 -0.300533 -0.146860 0.001273 0.027026 -0.005276 -0.226320 -0.023758 0.004635 -0.221898 -0.129572 -0.124939 0.096247 -0.306489 -0.084405 -0.153929 -0.003241 0.128483 0.500773 -0.235536 -0.148138 -0.122543 -0.006258 0.173461 -0.001643 0.168190 -0.374176 0.248535 0.134741 -0.000712 0.001305 0.009256 -0.037014 -0.031387 -0.002961 0.212810 -0.001600 -0.003329 0.002926 -0.039452 0.006228 -0.454395 0.002796 -0.000978 0.035881 -0.375822 -0.149799
-0.059728 -0.174761 -0.034584 0.000690 -0.062327 0.029530 0.026648 0.025809 0.256515 0.085428 0.166416 -0.197130 0.026866 0.031514 0.201798 0.333882 -0.000144 -0.001483 -0.578871 -0.526630 0.045704 -0.284427 -0.254078 -0.345500 0.042186 0.002100 -0.537817 0.034833 -0.060938 -0.000559 -0.195637 -0.102424 -0.080317 -0.157445 -0.003532 0.104811 0.157805 -0.148344 -0.171888 0.226449 -0.013136 0.099037 -0.004055 0.059639 -0.198076 -0.221884 0.368282 -0.001893 -0.159119 0.167589 -0.444139 0.003754 -0.148702 0.012124 -0.196701 0.014988 0.027330 -0.146986 -0.048223 0.079717 -0.089713 -0.187583 0.037312 0.217529 -0.075298 0.182241 -0.212848 -0.248511 0.184303 0.004109 0.611499 -0.235916 -0.005304 -0.002112 -0.004830 -0.290594 -0.103907 -0.132004 0.109397 0.000057 -0.741061 -0.006429 -0.440961 -0.084583 0.003241 0.018001 0.003391 0.217964 -0.245690 -0.110824 0.159562 -0.060115 0.044281 0.002341 -0.152963 -0.213869 -0.085503 -0.006328 -0.117413 0.072361 -0.138226 0.175710 -0.458917 -0.277560 -0.156770 0.001846 0.448512 -0.268016 -0.113631 0.121003 -0.001741 -0.000299 0.006152 -0.065716 0.388941 0.002339 0.016298 0.006339 -0.000564 0.002420 0.131690 0.000941 -0.071960 -0.001344 -0.268707 -0.322491 -0.141171 0.057193
-0.253133 -0.370892 -0.119809 -0.001004 0.066304 0.099055 0.069360 -0.086943 -0.366154 -0.189820 -0.162720 0.046882 -0.026956 -0.210790 0.200456 -0.145534 -0.000200 0.000417 -0.560009 -0.268315 0.022300 0.091147 0.216541 -0.203917 0.000388 0.007397 -0.006702 -0.011500 0.088504 0.000594 -0.129568 0.226629 -0.022186 -0.012160 -0.001486 0.152097 -0.079748 0.004579 0.174187 0.101592 -0.001034 0.159839 -0.003893 -0.283375 -0.340921 -0.010307 -0.467731 0.000754 -0.145265 -0.092739 -0.199979 -0.007592 -0.085434 0.007463 -0.101072 -0.073701 0.010255 -0.167964 0.057630 0.071292 -0.223166 -0.246808 0.167147 0.027048 -0.104767 0.364031 0.013113 -0.180619 -0.202900 -0.005021 0.336316 -0.398027 -0.000883 0.023958 0.002127 -0.247085 -0.261834 -0.152053 -0.075099 -0.004509 -0.390663 -0.001200 -0.485038 0.139996 0.000606 0.017393 0.005573 -0.275091 -0.068373 -0.059499 -0.283709 -0.045726 -0.299119 0.106974 0.006491 -0.076501 0.061734 -0.002499 -0.040982 0.077696 -0.405949 0.226663 -0.235192 -0.129140 0.143316 -0.001432 -0.182938 -0.272559 0.012084 0.205909 0.002449 -0.004731 0.011680 -0.018652 0.371407 -0.000378 -0.099920 0.002605 -0.000220 0.004051 -0.259995 0.002531 0.043318 0.000155 -0.082753 0.187029 -0.202108 -0.218551
0.362381 0.020099 0.022714 0.000651 -0.024316 -0.580950 0.109295 -0.026683 -0.343120 0.174345 0.024579 -0.324641 -0.029199 0.351759 0.325066 -0.146739 0.000813 -0.000320 -0.186904 -0.339523 0.015864 -0.191505 0.384510 0.218200 0.003360 0.002536 0.175840 0.016948 -0.246877 -0.001589 -0.512254 0.460393 -0.091915 -0.138848 -0.006739 -0.242016 0.206409 0.031859 0.127190 0.448495 -0.003749 0.016896 -0.000061 0.011428 -0.342704 -0.009894 -0.183429 -0.003031 -0.085902 -0.095565 -0.189354 0.000432 -0.201235 -0.001620 -0.381385 0.504420 -0.022359 -0.374920 -0.400789 0.452115 0.052306 0.019976 -0.158800 -0.101704 -0.650032 0.054109 -0.267775 0.012696 0.230435 -0.006319 0.018971 -0.499738 0.001080 -0.003549 -0.006242 -0.405556 0.045792 0.139293 -0.132155 0.000319 0.085677 -0.000861 -0.299447 0.085084 -0.002619 0.000216 -0.002604 -0.482288 -0.330476 0.054486 0.054289 -0.126212 0.175590 -0.325627 -0.006337 0.330011 -0.225578 -0.005680 -0.485938 0.053043 0.079538 -0.058353 0.324963 0.102941 -0.324143 -0.001629 -0.083507 -0.504343 -0.054805 0.244883 0.004912 -0.001308 -0.004915 -0.034199 0.157357 0.000799 0.102408 -0.002723 -0.005760 -0.000514 -0.016605 -0.001825 -0.155176 -0.001331 -0.517697 0.060126 -0.032576 0.078196
0.279636 -0.527642 0.178205 0.038001 -0.065847 -0.809184 0.187169 -0.892208 0.644428 -0.270214 -0.811325 -0.458861 -0.038781 -1.523054 -0.015724 0.030713 0.001073 -0.001658 -0.535531 0.065660 -0.183573 -0.654269 -0.173667 0.201499 0.022730 0.004500 -0.724728 0.028843 -0.425553 0.004776 -0.125152 0.743811 -0.132037 -0.403662 -0.000352 0.124885 0.247744 -0.004917 -0.168510 0.088132 0.032374 0.052946 0.003667 -0.149086 -0.355283 -0.430870 -0.182705 -0.001546 -0.517409 0.021503 -0.032055 -0.002385 -0.282683 0.006031 -0.656975 0.156381 0.011392 -0.910147 0.002770 0.715977 0.587731 0.593668 -0.012446 -0.066407 0.108822 0.233774 -0.352359 0.463799 0.153263 -0.008393 0.302073 -0.981893 -0.000852 -0.003326 -0.002612 0.572608 -0.144942 0.585047 -0.422517 0.000106 -0.303437 0.005039 -0.470746 0.188622 0.006616 -0.024561 0.004159 0.363025 -0.656124 -0.713732 0.340432 0.301455 0.453960 0.448609 0.167719 -0.236460 -0.489879 -0.004890 0.286389 -0.826813 -0.138643 -0.326021 -1.107912 0.581769 0.175317 -0.007547 0.459078 -0.411091 -0.058509 -0.063645 0.003207 -0.002316 0.005803 0.133130 -0.361989 -0.000815 0.129698 0.004678 -0.002284 0.002443 -0.452985 0.008773 -0.191511 -0.001203 0.196970 -0.080693 -0.310204 -0.001883
-0.002085 -0.001445 -0.008170 -0.002478 -0.005948 -0.000104 0.000766 -0.010300 -0.006552 -0.002184 -0.000694 -0.005838 -0.000422 -0.024412 -0.000759 0.000491 -0.003415 -0.004024 -0.008755 -0.007627 -0.003212 -0.002962 -0.003581 -0.006049 0.002752 0.002507 -0.007695 -0.002247 -0.001974 -0.002279 0.000118 -0.009511 -0.022585 -0.001279 -0.004532 0.001426 -0.002774 -0.003408 -0.024511 -0.006071 -0.000581 -0.005755 0.000103 -0.000625 -0.000032 -0.005656 -0.022009 -0.001187 -0.000143 -0.007085 -0.021808 0.002956 -0.001791 -0.003993 -0.000970 -0.004542 0.001496 -0.004336 -0.011140 -0.001943 -0.009592 -0.027116 0.000043 0.002979 -0.023275 -0.005080 0.000750 -0.007834 -0.003298 -0.002786 -0.000484 -0.008880 -0.003100 -0.002394 -0.002609 -0.001236 -0.005630 -0.000502 -0.003784 -0.003672 0.002933 0.000543 -0.006142 -0.017823 -0.004570 -0.002655 -0.003131 -0.005665 -0.004710 -0.000967 -0.006195 -0.003908 -0.002438 -0.000193 -0.004220 0.000137 -0.011858 -0.003936 -0.002766 -0.009643 -0.003949 -0.015786 0.001282 0.001520 -0.005797 -0.004083 -0.020465 -0.010103 -0.021145 -0.000734 0.000485 -0.001616 -0.002727 -0.019096 -0.004871 0.002576 0.000498 -0.000602 0.002709 -0.003374 -0.006555 0.003563 -0.018529 -0.001542 -0.005652 -0.003783 -0.018044 -0.002844
-0.005757 -0.019422 -0.012804 -0.006620 -0.016600 -0.000978 -0.014598 -0.002301 -0.004254 -0.030620 -0.026743 -0.017511 -0.012959 -0.012826 -0.010479 -0.004078 -0.001534 0.000275 -0.016051 -0.026105 -0.002428 -0.008669 -0.032192 0.017323 0.001038 0.006561 -0.007456 0.003625 -0.023128 0.005222 0.006311 -0.011550 -0.008081 -0.011783 -0.006492 -0.004434 -0.005021 0.020514 -0.018018 0.001548 -0.008554 0.003539 -0.002742 -0.010198 -0.004490 -0.031632 -0.020121 0.000336 -0.008804 -0.036191 -0.043181 -0.006257 -0.003582 -0.001433 -0.022274 -0.001747 -0.007749 -0.009690 -0.014418 -0.009720 -0.011909 -0.003142 -0.025141 -0.016244 -0.034893 -0.019585 -0.006159 -0.001950 -0.033461 -0.003435 0.001073 -0.025165 0.006846 -0.027199 -0.000198 -0.004270 -0.037537 -0.011492 -0.019265 0.000310 0.011057 0.001052 -0.008842 -0.011207 -0.008162 0.003199 -0.005976 -0.020963 -0.011913 -0.016801 -0.014551 0.002163 -0.024781 0.002739 -0.030034 -0.027552 -0.004606 -0.003889 -0.010722 -0.025842 -0.015637 -0.038009 -0.031255 -0.002595 -0.001835 -0.003378 -0.002708 -0.033318 -0.025918 -0.002067 -0.006020 -0.005645 -0.003479 -0.000075 -0.017356 -0.001911 -0.001983 -0.001027 0.000771 0.000625 -0.001789 0.001169 -0.028151 -0.001029 -0.002994 -0.004270 -0.015528 0.000781
-0.033517 0.200623 0.109867 0.012480 0.086899 -0.294832 0.147393 0.180475 -0.196112 -0.008592 -0.569868 0.213160 -0.044054 -0.539128 0.391120 -0.053595 -0.006016 0.000252 0.049307 -0.249663 -0.052178 -0.321896 0.115982 -0.214102 -0.003287 0.000651 0.002332 -0.004679 -0.068993 0.000226 0.138623 0.052274 0.686184 -0.055538 -0.003072 0.063382 0.036645 -0.056616 0.227072 0.239914 -0.006792 0.131488 -0.000844 -0.546764 0.014768 -0.185431 -0.400316 -0.001543 -0.050549 -0.341513 -0.041426 0.000204 -0.116748 -0.004811 -0.521734 0.317296 0.000430 -0.438125 -0.171796 0.608528 -0.266605 0.217266 -0.102168 -0.453555 -0.427965 -0.260696 -0.179653 0.010920 0.249191 -0.003654 0.010845 0.136396 -0.000591 -0.005835 -0.004779 0.103898 -0.129828 0.022784 0.288910 -0.002471 -0.351700 0.003415 -0.191851 -0.547207 0.002279 -0.000088 -0.001767 -0.294129 -0.321566 0.423237 -0.179666 -0.131062 0.221671 -0.062268 0.049397 0.308414 0.316467 0.000551 -0.371693 0.125360 -0.262507 -0.510782 -0.159115 -0.332271 -0.065182 -0.005138 0.643057 -0.504472 0.077151 -0.302960 -0.000457 -0.006604 -0.002095 -0.048808 -0.350590 -0.002176 0.003764 0.000180 -0.003622 -0.003219 0.135217 0.000509 -0.547834 -0.002236 0.380453 -0.042080 -0.437121 0.280008
0.266791 0.239938 0.585457 -0.009561 -0.140087 0.192732 0.329850 -0.426304 0.143362 -0.001140 0.057329 -0.197853 0.015900 0.292103 0.321594 -0.180029 0.000588 0.003430 -0.472856 -0.055005 0.043847 0.599790 0.331014 -0.293780 0.010718 -0.006470 -0.101804 -0.010913 -0.181482 -0.000264 -0.170626 0.296637 -0.044732 -0.284089 0.000200 -0.035355 0.159744 0.025960 -0.271706 0.169488 -0.008869 -0.166279 -0.012418 -0.011003 -0.358266 -0.087892 -0.365533 -0.004828 0.147592 -0.116197 -0.292862 0.006994 -0.369028 -0.019943 0.071567 0.200024 0.024184 -0.395910 0.416985 -0.014616 -0.580686 -0.455164 -0.127018 -0.375891 -0.254584 0.339657 -0.171191 0.036202 -0.338614 0.028284 0.069324 -0.749093 -0.002271 -0.002306 -0.000526 -0.314684 0.398427 -0.130553 -0.186875 0.005303 -0.266527 -0.001343 -0.207669 0.127182 0.003540 0.018116 0.003756 -0.377780 0.403910 0.047250 -0.056451 -0.005118 0.431187 0.120983 -0.282529 -0.308958 -0.040239 0.000267 -0.118558 -0.281808 -0.049826 0.157724 -0.580534 0.427714 -0.076129 0.000046 -0.319162 -0.398856 -0.127627 -0.106388 -0.001258 0.003337 -0.005453 -0.090670 -0.330832 0.000526 0.340475 -0.002683 -0.005064 -0.002974 -0.071470 -0.000374 -0.444737 -0.009976 -0.182876 0.137505 -0.207697 -0.366969
0.000035 -0.015640 -0.005064 0.002962 -0.000754 -0.007941 -0.009644 -0.011479 -0.005173 -0.001691 -0.001078 -0.007713 0.004813 -0.014307 -0.002912 -0.006655 0.006700 -0.003810 -0.012013 -0.014612 -0.001865 -0.012818 -0.002486 -0.008735 -0.000908 0.000045 -0.004454 -0.000540 0.001037 0.001658 0.000074 -0.011981 -0.014770 0.001741 0.003128 0.001902 -0.016835 -0.006227 -0.019477 -0.006665 -0.004642 -0.002753 -0.002976 -0.007046 -0.003341 -0.004500 -0.015434 -0.001190 -0.009281 -0.003652 -0.010248 -0.001703 -0.002067 -0.005100 -0.002439 -0.003561 0.003081 -0.007741 -0.006772 -0.010610 0.000835 -0.008920 -0.003752 -0.006822 -0.033920 -0.002815 0.002128 0.001907 -0.012485 -0.001578 -0.001352 -0.008637 0.001788 -0.003090 0.002733 -0.002755 -0.005172 -0.005579 -0.009544 -0.003022 -0.005207 0.005896 -0.005443 -0.005871 -0.004061 -0.001051 -0.000011 -0.008394 -0.022897 -0.002601 -0.001303 -0.002092 -0.015436 0.000079 -0.008956 0.001410 -0.006534 0.004423 -0.002121 -0.003630 -0.000112 -0.009141 -0.004246 -0.016912 -0.002498 -0.003387 -0.014723 -0.018115 -0.005171 -0.000910 0.000382 0.003387 -0.002751 -0.006567 -0.001961 -0.001613 0.001433 0.005085 0.004316 -0.004403 0.000745 0.003118 -0.011497 0.005189 -0.001325 -0.000382 -0.002345 -0.007461
0.198816 -0.149809 0.137641 -0.004497 0.459656 -0.113156 0.034930 -0.501777 -0.110333 0.042434 -0.099970 -0.239920 -0.011492 -0.831908 0.023173 0.059234 0.001959 0.006693 -0.088862 0.265220 0.180318 0.051276 0.378696 -0.100283 0.006262 0.000923 -0.047554 -0.003850 -0.110143 0.004764 0.599324 -0.127891 -0.039412 0.110055 -0.003251 -0.333291 1.004459 -0.044945 -0.090395 0.548843 -0.002560 -0.081451 0.000027 -0.214193 -0.252862 -0.092124 -0.356158 0.002259 -0.241883 0.041032 0.022235 -0.003181 -0.303659 0.000618 0.207685 0.119780 0.001303 0.173981 -0.196233 0.363201 -0.062050 0.053972 -0.486916 0.649430 -0.093528 0.094619 -0.358281 -0.368642 0.200642 0.002683 0.131855 -0.594110 0.006322 0.000596 0.004032 0.308702 0.140896 -0.447399 -0.116064 0.002913 -0.095206 0.002513 -0.274154 -0.150830 -0.004360 -0.005839 0.002631 -0.361841 0.050432 0.190655 -0.045059 0.347592 -0.254741 0.526619 -0.391535 -0.107634 -0.224411 0.001327 0.047967 -0.171243 0.064824 -0.140469 -0.113148 -0.316943 -0.174684 -0.001074 -0.233242 -0.084539 0.112373 -0.066678 0.004706 -0.001276 -0.003302 -0.007365 0.010197 -0.002813 -0.202304 0.000215 -0.000708 -0.000769 0.136450 0.000266 -0.062216 0.001625 0.210633 0.249000 -0.361166 -0.183217
-0.017362 0.014287 -0.010247 -0.033734 -0.025219 -0.034013 -0.040657 -0.025323 -0.010161 -0.027944 -0.027464 -0.013851 0.009114 -0.002777 -0.005521 -0.011619 -0.002543 0.007551 -0.060877 -0.029647 -0.016887 0.011333 0.026541 -0.016770 0.016854 -0.006765 0.003680 -0.016746 -0.053624 -0.000421 -0.033259 -0.043455 -0.044132 -0.033918 0.001155 0.010080 -0.009393 -0.001437 0.001639 -0.040382 -0.001437 0.008531 0.008528 -0.059627 -0.058972 -0.007704 -0.029427 0.002470 -0.030385 -0.035525 -0.023994 -0.000421 -0.044672 0.001844 -0.036172 -0.021202 0.005332 -0.014565 -0.062701 -0.000048 -0.022794 -0.015369 -0.004591 -0.001804 -0.048645 0.005301 0.003060 -0.001619 -0.018084 -0.004962 0.012351 -0.018370 0.003454 -0.006732 0.000377 -0.030146 -0.017310 -0.029086 -0.016340 0.002466 -0.039151 -0.003585 -0.010807 -0.012924 -0.004282 0.007523 -0.004522 -0.024450 -0.065139 -0.018262 -0.050395 -0.020231 -0.052512 -0.003869 -0.054669 -0.041228 -0.002577 0.002210 0.006532 -0.046817 -0.045921 -0.023529 -0.028378 -0.019015 -0.050181 -0.002345 -0.044816 -0.014412 -0.003462 -0.000443 0.001426 -0.000591 -0.007701 -0.036857 -0.012539 -0.002965 0.000195 0.006967 -0.003986 0.000277 -0.002734 -0.002297 -0.036139 0.001001 0.012721 0.015967 -0.046136 -0.023097
0.135924 0.060414 0.376151 -0.021211 -0.149552 0.046150 0.063849 0.050677 -0.467321 0.410785 -0.032062 -0.183640 -0.006540 -0.084639 -0.021625 0.045613 0.001802 0.000158 -0.249711 -0.469236 0.303506 -0.412763 0.938573 -0.273310 0.002260 0.005235 -0.266741 0.016557 -0.235490 -0.001674 0.307993 -0.079811 0.213343 -0.025237 0.000290 0.205318 -0.076438 0.236772 -0.196010 0.108495 -0.007019 0.091197 0.006529 -0.368238 -0.464064 0.164161 -0.273564 -0.001147 -0.413094 -0.169327 -0.279798 -0.003388 -0.164078 -0.001525 -0.067627 0.210461 -0.011167 -0.055326 0.271736 0.085717 -0.143814 -0.492342 0.149270 0.149799 -0.249937 0.113975 0.173250 0.322823 -0.322075 -0.004129 0.383252 -0.205326 -0.001061 -0.004536 0.003130 0.150557 0.036668 -0.260925 0.260842 -0.002494 -0.275109 -0.003861 0.015252 -0.177295 -0.016347 -0.003362 -0.006226 -0.313653 -0.209671 -0.085952 0.417806 0.188791 -0.375014 0.334338 -0.016948 -0.576501 0.107474 -0.005977 0.406154 0.025293 -0.583594 -0.239497 0.128692 -0.282015 -0.110321 -0.004094 0.018859 -0.939227 0.555166 0.398050 0.001082 0.000719 -0.006630 0.096726 0.542104 -0.000784 0.039304 0.000976 -0.003951 -0.006270 0.186376 -0.006493 -0.076131 -0.004865 -0.059451 -0.248161 0.127117 0.160726
0.063412 -0.005589 0.349307 -0.010785 0.006181 -0.141743 0.507457 0.309491 0.707265 -0.103901 -0.176824 -0.017014 -0.022110 -0.573985 0.232982 -0.021401 -0.003931 -0.001924 -0.290363 -0.476244 0.076025 0.087611 0.154909 0.102012 -0.019295 0.001596 -0.201781 -0.025848 0.055563 0.003022 -0.006196 0.452881 -0.395049 -0.118868 0.000375 0.056251 0.245454 0.069626 -0.153575 0.303446 0.007876 0.146725 -0.002861 -0.103137 -0.350445 0.150052 -0.268905 0.003534 0.034000 0.046547 -0.257628 0.000186 -0.025765 -0.001845 0.017717 -0.059100 -0.015603 -0.037352 0.209995 0.281984 -0.028063 0.043274 0.063554 0.063829 -0.529085 0.227068 -0.159961 -0.074569 0.048502 -0.001752 0.148706 -0.007918 -0.000758 -0.011117 0.001322 0.086797 0.103917 -0.068254 -0.175319 -0.003425 0.054246 -0.003229 -0.091519 0.043452 -0.004895 -0.002508 -0.002316 -0.098171 -0.456240 -0.232575 -0.010777 -0.098852 -0.324854 -0.075355 -0.507961 0.142053 -0.339781 -0.003790 0.072771 -0.165863 0.196758 -0.002370 -0.279230 0.024045 -0.383109 -0.000907 0.380546 -0.354488 0.237174 -0.184951 0.000298 -0.001150 -0.007627 -0.124206 -0.233667 0.002104 0.116925 0.005409 -0.000228 0.003970 0.111461 0.002816 -0.052604 -0.003554 -0.347305 -0.266760 -0.102617 -0.041023
0.007922 -0.055580 -0.010025 -0.012599 -0.126204 -0.183881 -0.012723 -0.082134 -0.202120 -0.021454 -0.035924 -0.027061 -0.095479 -0.079186 -0.009255 -0.086210 -0.000025 0.003390 -0.244502 -0.132914 -0.010073 -0.189401 -0.045373 -0.083326 -0.017694 -0.004949 -0.069217 -0.004204 -0.001988 -0.003637 -0.173311 -0.029469 -0.136682 -0.006389 0.000103 0.003727 0.040879 -0.001876 0.002694 0.005707 -0.003529 -0.034097 0.001766 -0.030109 -0.049402 -0.056698 -0.233426 0.006036 -0.032265 -0.023416 -0.081372 -0.005900 -0.023700 0.017352 -0.150564 0.003573 0.020586 -0.060995 -0.010826 0.098145 -0.058828 -0.276199 -0.004545 -0.057858 -0.334506 0.016282 0.022083 0.021233 -0.012170 -0.012280 -0.031286 -0.116523 0.004311 -0.000630 0.007334 -0.071901 -0.002789 -0.159384 -0.043073 -0.004157 -0.042174 -0.000471 -0.026378 -0.002158 -0.003202 -0.003779 -0.002294 -0.070757 -0.067752 -0.101308 -0.155508 -0.206453 -0.012266 -0.013603 0.014693 0.020214 -0.090772 -0.003319 0.036014 -0.027186 -0.064567 -0.083723 -0.013521 -0.065831 -0.271217 -0.000981 -0.144781 -0.236005 -0.055346 -0.126970 -0.004828 -0.000659 -0.014149 0.039071 -0.037616 -0.000231 -0.035116 -0.001013 0.006572 -0.004269 -0.071819 0.001906 -0.255732 -0.001133 -0.051048 -0.052741 -0.005573 -0.054562
0.282025 0.270226 -0.017162 -0.047280 -0.228193 0.458592 -0.153377 -0.318319 0.072862 1.063906 0.729849 -0.655374 -0.121001 0.471767 -0.465305 -0.738595 0.002967 0.005273 0.278780 -0.309028 -0.406274 -0.600508 0.755613 -0.459223 -0.023603 -0.001236 0.232510 0.000869 0.173845 -0.004835 -0.790666 -0.047541 -0.139196 0.029045 0.003634 0.037504 -0.259653 -0.337585 0.367482 -0.202887 0.010490 -0.613593 -0.016647 0.414679 -0.202231 -0.162584 -0.435453 0.000797 -0.433780 -0.171386 -0.569744 0.007570 -0.151951 -0.003188 -0.457968 0.414837 0.002100 0.814838 -0.011152 -0.067893 0.342799 -0.283260 0.191636 -0.444524 0.007397 -0.271357 0.590533 -0.034275 -0.378155 -0.003659 0.137448 -0.182914 0.003757 -0.013038 -0.001517 -0.003354 -0.778610 0.084622 -0.043057 0.005575 -0.533922 -0.015599 0.469445 0.247547 -0.005429 0.013811 -0.003233 -0.331340 0.187973 0.237185 0.234479 -0.377817 0.337813 -0.365573 -0.006837 0.725856 0.099367 -0.000943 0.020052 0.264111 -0.119651 -0.636364 0.701389 -0.067684 -0.601709 -0.002482 -0.388244 0.195063 0.138868 -0.737529 0.000066 0.002921 -0.004310 -0.118639 -0.059718 0.003373 -0.241287 0.001058 0.001247 0.005293 -0.006341 0.002283 0.121577 -0.007666 -0.495985 -0.322779 0.389035 0.035849
-0.019877 -0.008236 -0.006242 -0.004884 -0.018746 -0.021742 -0.027483 -0.015649 0.001903 -0.015818 0.004414 -0.008040 -0.001179 -0.018366 -0.001385 -0.016191 0.006740 -0.000361 -0.018970 -0.012471 -0.006632 -0.001071 -0.014846 -0.004776 -0.006620 -0.010225 -0.017616 0.001646 -0.032843 0.001193 -0.013349 -0.005828 -0.029181 -0.004297 -0.003273 0.013237 -0.007825 -0.001113 -0.014111 -0.009809 -0.000156 -0.007858 0.003955 -0.026276 -0.037783 -0.017536 -0.004750 -0.004793 0.000442 -0.020706 -0.018699 -0.003159 -0.020518 -0.005439 0.002267 -0.002143 -0.004106 -0.030368 -0.040885 -0.032898 -0.020667 -0.005936 -0.011407 -0.009028 -0.019704 -0.006568 0.000491 0.001488 -0.000238 -0.001721 -0.021558 -0.016550 -0.003664 -0.012469 0.004203 -0.021708 -0.034165 0.001093 -0.009234 0.000838 -0.030004 -0.003575 -0.026652 -0.026014 0.001862 0.001388 -0.000674 -0.022372 -0.027351 -0.020249 -0.034496 0.002473 -0.023351 -0.022843 -0.007330 -0.016702 -0.018599 0.004741 -0.005396 -0.029813 -0.006003 -0.013837 -0.014098 -0.000859 -0.001031 0.001948 -0.004649 -0.007383 -0.004367 -0.014580 0.000901 -0.001243 0.006223 -0.042677 -0.021225 -0.003524 -0.001278 0.002889 0.003445 -0.002230 -0.032688 -0.000916 -0.026835 0.008046 -0.002880 -0.015349 -0.000755 -0.009851
-0.178069 -0.004263 0.187901 0.045499 -0.049691 -0.386098 0.160618 -0.169632 -0.018219 0.119742 0.026135 -0.003858 0.012209 -0.383954 -0.092680 1.010422 0.004362 -0.001258 0.072592 -0.365959 0.604909 -0.268109 0.190008 -0.407874 0.023169 0.001530 0.082412 -0.010558 -0.086962 0.005251 0.471583 0.241045 -0.548227 0.093608 0.009844 -0.216520 -0.594553 -0.066402 -0.038406 0.036603 -0.001861 0.497615 -0.008521 0.249451 0.247178 -0.335954 0.248333 0.006103 -0.324813 -0.169568 0.498297 -0.004480 0.384072 -0.025289 0.730393 0.339756 -0.009912 0.020152 -0.574404 -0.312341 -0.325185 0.130324 0.075433 0.701699 -0.309020 -0.238318 0.486294 0.352689 0.307445 0.011592 0.439654 -1.085744 -0.001011 -0.004354 0.001715 0.541916 -0.546787 -0.299156 -0.786755 0.004199 0.111841 0.004446 -0.052273 0.241368 0.003634 -0.023765 -0.001792 -0.617521 -0.680360 0.013863 0.087650 -0.062129 -0.029296 -0.025673 -0.346167 0.267390 0.068500 0.002679 0.522807 0.240401 -0.025986 0.074124 0.769146 0.495143 0.361678 -0.000904 0.040060 0.209124 0.052257 -0.413685 -0.005834 0.003673 -0.005142 0.047719 -0.673744 -0.001035 -0.052639 -0.003558 0.003577 -0.000060 -0.259671 0.002931 -0.463648 0.010088 -0.136226 0.797940 0.137754 -0.247169
-0.025538 -0.015135 -0.025065 -0.037587 -0.012673 -0.034746 -0.017350 -0.007580 -0.103523 0.008574 -0.052761 -0.015168 -0.004221 -0.009413 -0.002629 -0.025141 -0.005850 -0.001830 -0.030320 -0.001196 -0.016570 0.008215 -0.011973 0.000307 -0.002742 -0.001683 -0.022300 -0.013926 -0.021221 -0.002964 -0.005981 -0.013968 -0.034805 -0.011336 -0.000747 -0.001307 -0.035565 -0.006807 -0.014029 -0.013159 -0.005983 -0.005117 -0.002633 0.005986 -0.097346 -0.004090 -0.023102 0.003860 -0.014699 0.005602 -0.014386 -0.001845 -0.002281 0.000151 -0.012218 -0.007694 0.001277 -0.008700 -0.010782 -0.012590 -0.029099 -0.022361 -0.046432 -0.034539 -0.034853 -0.033584 -0.002226 -0.009571 -0.020209 -0.014889 -0.004877 -0.011915 -0.002788 -0.003131 -0.000585 -0.044847 -0.103871 -0.005871 -0.039019 -0.000972 -0.043484 -0.006647 -0.038353 -0.035802 -0.002472 -0.006829 0.000879 -0.002638 -0.007089 -0.017365 -0.021594 -0.032402 -0.035690 -0.014647 -0.021042 -0.004184 -0.024943 -0.004572 -0.023811 -0.009377 -0.000618 -0.007325 -0.021899 -0.012271 -0.009841 0.002228 -0.019093 -0.037570 -0.034028 0.002590 -0.005978 -0.003290 -0.006250 -0.005692 -0.031553 0.003204 -0.017038 0.003808 -0.002076 -0.005338 -0.018879 -0.000213 -0.020340 0.000355 -0.087324 -0.018008 -0.008822 -0.011205
0.489882 -0.347690 0.207448 -0.046243 -0.032099 -0.105859 0.027851 0.002602 0.636843 0.109769 -0.507985 0.192006 -0.041602 -0.027107 -0.009241 -0.032352 0.001718 -0.000633 -0.482426 0.050458 -0.070538 -0.023456 0.065232 0.555033 0.016281 -0.002603 -0.306970 -0.015175 0.241097 -0.001170 0.226190 -0.163487 0.545065 0.081877 -0.001673 0.497128 0.251022 0.058299 0.334473 -0.012361 -0.025755 0.024123 -0.005666 -0.141354 0.104266 -0.101534 0.043230 0.001040 -0.138722 0.387944 0.001712 -0.005427 -0.132386 -0.003681 0.256060 0.007046 0.013552 -0.159612 -0.318317 -0.125059 0.136455 -0.387546 0.341328 0.105969 -0.538971 -0.107999 -0.050842 -0.345847 -0.295543 -0.013805 0.015565 -0.153841 0.003186 -0.010633 -0.000320 -0.225248 -0.194129 -0.346748 -0.151153 0.002030 -0.184906 0.006495 -0.163241 -0.000964 0.000517 -0.020620 0.000940 -0.364743 -0.095245 -0.199540 -0.080287 -0.090500 -0.073201 0.009381 -0.496031 -0.068038 -0.355820 -0.000630 -0.222403 -0.372136 0.065631 0.213580 0.005955 -0.207111 -0.116597 -0.005152 0.122516 -0.145292 0.274939 0.131366 0.002144 0.002324 -0.001402 -0.006300 -0.274145 -0.003536 0.217304 -0.003228 0.004007 -0.003427 -0.448891 -0.002213 0.074092 0.005548 -0.077871 0.056656 -0.069662 0.014547
0.043940 -0.371235 -0.041987 0.041305 -0.033591 -0.126981 -0.063506 -0.537474 -0.190777 0.293004 0.316000 -0.443551 -0.053519 -0.560254 0.082870 -0.141169 0.001897 -0.004567 -0.334581 -0.328773 -0.220754 -0.121533 0.454406 -0.460532 0.002200 0.000208 0.458645 0.003930 -0.397312 0.001238 -0.357746 -0.046430 -0.400028 0.428982 -0.007180 0.091886 -0.173190 0.317446 -0.016246 0.230418 0.001221 -0.035894 -0.004895 -0.012499 -0.076197 -0.416439 -0.089871 -0.002597 -0.067353 0.150127 -0.260251 -0.004798 -0.140686 -0.004681 0.043813 0.335427 -0.019069 0.442477 -0.102047 0.139021 -0.199549 -0.247716 -0.051396 -0.116398 -0.404658 -0.290119 -0.141140 -0.179440 -0.338235 -0.006178 -0.028209 -0.579690 0.002906 -0.017367 0.003477 -0.204215 0.400386 -0.123352 -0.068221 -0.004876 -0.378105 -0.004985 -0.273025 -0.187113 -0.010693 -0.002842 -0.007640 0.170448 -0.264932 0.225113 -0.230254 -0.246828 -0.031084 0.125558 0.487687 0.246119 -0.118410 -0.004023 0.041199 -0.245079 0.144583 -0.318769 0.047056 -0.158059 -0.231663 -0.001800 -0.161740 -0.373371 -0.009631 0.316103 -0.003207 0.003433 0.008292 0.187898 0.550290 -0.001186 0.027825 -0.000390 -0.005598 -0.004535 -0.257572 -0.005838 -0.271021 -0.017802 0.249673 -0.234054 0.191262 0.552978
0.129301 0.208609 0.171043 0.058292 0.006218 -0.219240 -0.205110 0.084247 -0.616931 -0.117437 -0.313541 -0.048689 -0.006666 -0.856664 -0.163376 0.021120 -0.004491 -0.003255 -0.215896 -0.306070 0.092548 0.326853 -0.385811 -0.821316 0.019826 0.000630 0.582528 -0.032175 -0.255840 -0.005917 0.068786 -0.228659 -0.199750 0.190769 0.006157 -0.116327 -0.334267 0.247113 0.400679 -0.356990 0.013558 0.557406 -0.006780 -0.433786 -0.303214 -0.138718 0.214923 -0.000533 -0.273739 0.234619 -0.682424 0.005965 -0.178216 0.011682 0.536396 0.105808 0.008911 -0.904099 -0.041462 -0.349990 -0.387345 0.257066 0.152229 0.826011 0.385535 -0.339521 0.591043 0.160945 0.478461 -0.009603 -0.112318 -1.106139 0.000414 -0.001562 -0.000645 -0.365563 -0.181004 -0.376986 -0.371364 -0.000332 -0.196445 0.002207 -0.140333 0.209018 -0.006790 -0.020024 -0.000017 -0.214227 -0.447114 -0.278914 -0.189743 -0.671355 -0.418949 0.034773 -0.047103 -0.199818 -0.066214 0.000036 0.338335 -0.229208 -0.008707 -0.165325 -0.967827 0.635781 -0.931816 0.000575 0.053864 -0.031886 -0.022987 0.085547 -0.006087 0.001209 -0.008804 -0.090180 -0.519028 0.000870 0.164581 -0.000849 0.000551 -0.006193 -0.662888 0.001064 -0.484907 0.002903 0.047247 0.761874 0.189041 0.123579
0.059218 -0.186092 0.044533 -0.012117 -0.376212 0.185332 -0.067519 -0.617051 -0.035560 0.051046 -0.016055 -0.080245 -0.012079 -0.394845 -0.261476 0.431818 -0.002525 -0.001403 -0.165213 -0.341462 0.155281 0.210344 0.280573 -0.057075 -0.000631 0.006637 -0.296602 -0.003487 -0.299755 0.004232 -0.113496 -0.028066 -0.040185 -0.045167 -0.002071 0.059891 -0.024977 0.100725 0.066668 -0.151975 -0.001790 0.530925 -0.007596 -0.194319 -0.400282 -0.008102 -0.463011 0.000634 -0.148284 -0.322599 -0.262718 -0.003791 0.057431 0.000018 0.160297 0.536575 0.001649 -0.224830 0.109336 0.136113 -0.004195 -0.126467 -0.022466 0.583888 -0.504485 -0.119043 -0.230572 -0.247387 -0.374010 -0.011300 -0.199769 -0.288311 -0.004331 -0.002548 0.000665 -0.523739 -0.376205 -0.534461 -0.059480 0.000972 -0.065317 -0.003238 -0.259991 -0.534449 -0.010917 0.001922 -0.001678 -0.459809 -0.200847 -0.049480 0.017063 -0.092927 -0.303967 0.107244 -0.115831 0.052557 0.069324 0.001072 0.309053 0.197771 0.075088 0.014893 -0.066568 -0.105025 -0.368684 -0.000799 0.466503 -0.050968 -0.162236 -0.040756 0.001339 -0.001599 -0.012089 0.007401 0.119187 0.000989 0.151088 0.004586 -0.003945 0.002342 0.118615 -0.001289 0.075509 -0.003248 -0.289166 0.721145 -0.225821 -0.382745
-0.340631 -0.004510 -0.051841 -0.001735 -0.235441 0.078069 -0.168909 -0.042794 0.204454 -0.273623 -0.259843 -0.259434 -0.003405 -0.360577 0.130061 -0.314373 -0.002805 -0.002491 0.025436 -0.122153 -0.253880 0.354329 -0.378198 0.676060 -0.002936 0.003143 -0.134100 -0.006690 -0.105674 0.003865 -0.617438 -0.023497 -0.349001 0.004101 -0.003328 0.042990 -0.127833 -0.035363 0.000127 -0.311782 0.000085 -0.079307 -0.006222 -0.721041 -0.345671 0.403816 -0.184020 0.002828 -0.010838 0.232412 -0.207249 -0.002531 -0.244803 -0.000442 0.087330 -0.121167 -0.004757 -0.209069 -0.205090 -0.144568 -0.260751 -0.147986 -0.053841 -0.001788 -0.248040 0.098139 -0.050822 -0.350292 -0.102113 -0.004079 -0.125644 -0.235510 0.001405 -0.003715 0.002722 -0.573155 -0.245132 -0.059166 -0.026995 -0.001317 -0.278129 0.003656 -0.172509 0.146909 -0.005618 -0.002537 -0.000441 -0.223968 0.198804 -0.121641 0.263719 0.159700 -0.179516 -0.047657 -0.405382 0.303921 0.167420 -0.003910 -0.408488 0.275005 -0.054869 0.114018 -0.349398 -0.470857 -0.334180 0.000137 -0.021628 0.123088 -0.137567 -0.436643 -0.003146 0.000994 -0.010365 0.031388 -0.059877 0.002183 0.062080 0.002097 0.001851 0.001575 -0.237946 0.000236 0.275869 0.001627 0.110643 -0.022526 0.010138 0.053901
-0.381807 -0.550782 0.192379 0.044746 -0.875106 -0.030880 -0.005744 -0.723086 -0.300386 -1.032710 -0.442217 -1.005468 -0.089247 -0.874532 0.256328 -0.193116 -0.000973 0.001766 -0.490928 0.306666 -0.168577 -0.214367 -0.188605 -0.645049 0.036718 0.005597 0.156106 -0.001560 -0.642242 0.001241 -0.487083 -0.167319 -0.394828 0.181717 -0.001751 0.116674 0.566382 0.052080 0.299668 0.379563 0.021577 -0.261846 0.023734 -0.236088 -0.185803 -0.190737 -0.411190 0.000129 -0.472993 -0.265455 0.153554 0.005396 -0.096942 -0.009414 -0.204441 0.018345 0.009523 -0.574086 0.458762 -0.028710 -0.394169 -0.022507 -0.021801 0.268094 0.064794 0.708341 -0.423168 -0.333950 0.027046 -0.003464 0.355969 -0.705269 0.002638 0.002545 -0.000241 -0.557246 0.777816 -0.251278 -0.869591 0.000620 -0.421116 0.003650 -0.440151 0.010329 0.005304 -0.011370 0.008113 0.018040 0.535989 0.494379 -0.519668 0.118126 -0.061366 0.179929 0.560569 -0.505612 -0.089297 0.004395 -0.143928 -0.325678 -0.275868 -0.538212 -0.402336 0.386013 -0.775554 -0.000659 -0.421332 -0.562131 -0.148968 0.576255 0.000085 -0.000771 0.023931 0.364285 0.507354 -0.003743 -0.003498 0.001480 0.001862 0.001408 0.123536 0.004088 -0.389225 0.009658 -0.396454 -0.552642 0.091756 0.578541
-0.028681 -0.055131 -0.021689 -0.025905 -0.545163 0.104938 0.195200 -0.076096 0.439183 -0.140712 -0.486220 0.305587 -0.045720 0.241018 -0.253389 -0.169703 0.000052 0.002077 -0.601613 0.023331 0.166138 0.251484 0.359782 -0.060073 0.033056 -0.000380 0.063427 -0.023914 0.087741 -0.000834 0.414673 -0.326004 -0.113064 -0.187157 0.004709 0.189574 0.166172 0.002575 0.075986 -0.265325 -0.022863 0.073480 -0.005148 -0.406383 0.210816 -0.099834 -0.258602 -0.000623 -0.044762 -0.072204 -0.728683 0.000915 -0.023126 -0.008894 -0.232684 0.073303 0.012882 -0.095792 -0.080849 0.131595 -0.455364 -0.574067 0.010717 0.096518 -0.887510 0.243101 0.082251 -0.377485 -0.324872 0.027665 -0.072088 -0.412494 0.001870 -0.012059 -0.002164 -0.423945 0.054981 0.206604 -0.016591 -0.003440 -0.361424 -0.006485 -0.017015 0.463410 -0.006871 0.010346 -0.002482 -0.121079 -0.121691 -0.056978 -0.099659 0.345957 -0.477192 -0.017370 0.308771 -0.120397 -0.125624 -0.001078 -0.016824 -0.260372 -0.231506 0.300589 0.073242 -0.046475 -0.185879 0.003222 -0.573390 -0.240548 -0.196027 0.213491 0.005654 0.004659 -0.021619 -0.053039 0.245091 0.003397 0.190163 0.001097 -0.003752 -0.003960 -0.627018 -0.002478 0.427272 0.004381 -0.269292 -0.032794 -0.051839 -0.041430
0.478404 -0.274541 0.014779 -0.022369 -0.159329 0.571649 0.227842 -0.049409 0.174149 -0.074045 -0.224146 -0.091137 0.003493 -0.078363 -0.121423 0.114668 0.000405 -0.000904 0.048316 -0.510894 0.170779 0.024698 -0.106920 0.307790 0.016642 -0.001732 -0.175455 -0.024368 0.068649 0.006205 0.075738 0.492485 -0.189124 -0.656127 0.000926 -0.138278 0.179853 0.125325 0.192128 -0.047640 0.016742 0.439060 0.003266 -0.077882 -0.081510 0.470275 -0.513460 0.001776 -0.253407 0.059074 -0.135760 -0.003000 -0.354551 0.016357 -0.065870 0.409217 0.003637 0.074419 -0.265337 0.017189 -0.103403 -0.245459 0.414708 -0.014979 -0.697055 0.375809 0.447299 -0.233637 -0.163351 -0.003874 0.234927 -0.134723 0.006823 -0.006478 0.003917 0.023210 -0.032903 0.104228 -0.232342 0.000636 0.167692 0.000356 -0.436732 -0.124304 -0.002403 0.013394 0.003005 0.210357 -0.038650 0.060415 -0.088371 0.114516 -0.047352 0.213038 -0.084360 0.280072 0.196775 0.000815 0.328480 -0.050832 0.333996 -0.030767 -0.093413 0.280371 -0.258913 0.007110 -0.190154 -0.415290 0.056654 -0.120296 0.002936 0.001719 -0.007178 0.001898 -0.301519 -0.006815 0.259164 0.001342 0.003418 -0.000068 0.201436 0.001583 -0.133249 0.003064 0.290190 0.173657 -0.344770 0.092054
-0.061670 -0.128191 0.006764 -0.020284 -0.002400 -0.033445 -0.005755 -0.128413 -0.007237 -0.214079 -0.172221 -0.071912 -0.059731 -0.231610 0.001204 -0.144498 0.000833 -0.000855 -0.049657 -0.188697 -0.036610 0.038966 -0.149189 -0.020298 -0.001905 0.000110 -0.051966 0.011898 -0.056869 -0.000912 0.021209 -0.070171 -0.068501 0.017635 -0.001449 0.014368 -0.035766 -0.019991 -0.071145 -0.036361 -0.015020 0.022834 -0.017394 -0.118969 -0.022271 -0.038493 0.036447 0.003719 -0.040101 -0.011051 -0.151769 0.003691 0.005412 -0.012902 -0.020147 0.021462 -0.040939 -0.060592 -0.051102 -0.054535 -0.217382 -0.246730 -0.047009 0.016303 -0.248778 -0.037687 -0.036427 -0.109858 -0.006046 0.003669 -0.093722 -0.110499 -0.006222 0.000486 0.002961 -0.102049 -0.121386 -0.063962 0.002708 0.002710 -0.107852 -0.001378 -0.165495 -0.040213 0.016965 0.016717 0.001038 -0.094669 -0.127910 -0.022284 -0.130607 0.008341 -0.094635 -0.020938 -0.024768 0.002532 0.001881 -0.003396 -0.175507 0.023403 -0.212589 -0.114676 -0.268187 -0.028739 -0.155448 0.003979 -0.308307 -0.165144 -0.012339 -0.025307 -0.001906 0.001405 -0.009614 -0.046529 -0.111917 -0.002298 -0.018413 -0.002322 -0.000204 -0.001917 -0.069574 0.006441 -0.132625 0.008191 -0.168195 0.076736 -0.063359 -0.048663
-0.003673 -0.101645 -0.004933 -0.000005 -0.002657 -0.006464 -0.008795 -0.074233 -0.019354 -0.020398 -0.034050 -0.087336 -0.003527 -0.034549 -0.017053 -0.004509 0.003901 -0.001183 -0.016863 -0.104860 0.000868 -0.005804 -0.003309 -0.048992 0.005915 0.001804 -0.007998 0.007677 -0.016642 -0.004096 -0.000187 -0.014673 -0.013099 -0.003491 0.002457 -0.012463 0.002907 -0.004008 -0.010344 -0.041546 0.000364 0.007418 0.002256 -0.025940 -0.003700 -0.023173 -0.111022 0.001497 -0.005586 -0.023203 -0.043207 -0.004669 -0.021639 -0.011803 -0.069806 0.003566 0.006846 -0.025116 -0.016788 0.005448 -0.041832 0.008640 0.003773 -0.006462 -0.058163 -0.004669 0.001346 -0.072814 -0.002617 0.044726 0.000239 -0.090282 0.000321 -0.011876 0.001485 -0.105677 -0.021893 -0.026612 -0.011825 0.001046 -0.087331 0.004114 -0.000261 -0.096926 -0.000901 0.001751 -0.001806 -0.046870 -0.040398 -0.020209 0.004364 -0.021720 -0.052124 -0.007602 -0.012925 -0.000995 -0.014924 0.004551 0.022401 -0.037882 -0.002815 -0.020724 -0.017453 -0.061297 -0.029428 -0.000993 -0.010126 -0.029180 -0.032132 -0.011178 -0.006302 -0.001184 -0.007543 -0.002363 -0.010181 -0.001318 0.002058 -0.004324 0.004281 0.000476 0.013228 0.004872 -0.114810 0.005210 -0.005831 0.012355 -0.007170 0.001818
-0.080518 -0.047486 -0.037032 -0.013360 -0.566465 0.287219 -0.277540 -0.230846 0.379649 0.391761 -0.046603 -0.065755 -0.015473 -0.096530 0.209890 -0.075002 -0.000542 -0.001309 -0.110942 0.020110 -0.155575 -0.045058 -0.203650 -0.127078 -0.019160 0.000355 0.093315 -0.004453 -0.058407 -0.001912 -0.059753 0.022868 -0.208413 -0.022235 -0.002495 0.004098 -0.133005 -0.137933 0.037237 -0.057668 0.009761 -0.097965 0.000643 -0.012352 -0.321891 0.154548 -0.350028 -0.000446 0.011946 0.063328 0.101873 -0.004849 -0.145743 -0.023832 -0.201554 0.315807 0.001522 -0.062408 0.072062 0.678635 0.037126 0.532268 -0.305679 -0.176638 -0.508634 0.017958 -0.210933 -0.209830 0.055816 -0.018268 0.285926 -0.224497 0.001995 -0.001181 0.004825 -0.254575 -0.181067 0.204871 -0.497778 0.005290 -0.099604 0.000287 -0.164578 -0.141548 -0.009487 0.006345 0.001024 -0.139227 -0.416994 -0.100573 -0.126151 0.077876 -0.151566 -0.136638 0.442418 -0.000641 -0.239420 -0.001585 -0.009416 -0.156637 -0.030176 -0.594480 -0.285864 0.115064 -0.416022 -0.003490 0.213017 -0.173647 0.077297 -0.133265 -0.003147 0.000532 -0.004245 -0.017834 -0.290459 -0.003701 0.180993 -0.001621 -0.000846 0.004551 0.264452 -0.008343 -0.336811 0.007516 -0.081767 -0.094797 -0.278045 0.328624
0.339624 0.515233 -0.019265 -0.014655 0.007352 0.371530 0.145258 -0.043246 0.227300 0.255481 0.178349 -0.286603 0.031637 -0.227667 0.197260 -0.279475 0.003600 0.002244 -0.339620 -0.255293 0.409710 -0.155648 0.789000 0.005739 -0.032032 -0.001621 0.556120 -0.012002 0.097760 0.001765 0.064700 0.186540 0.003601 -0.220656 -0.002532 0.216243 -0.148937 0.174652 -0.437665 0.127957 0.009939 0.065655 -0.008485 0.091621 -0.392805 0.947950 -0.027204 0.001268 0.314722 0.183241 0.054413 0.004512 -0.106452 0.006838 -0.261324 0.271313 0.047559 -0.649526 -0.025159 0.073274 0.004098 0.104990 0.575670 -0.264869 -0.227274 -0.196938 -0.175255 -0.269439 0.047786 0.002456 -0.142324 0.001878 0.003492 -0.018924 -0.000100 0.049446 -0.210281 0.176440 0.223189 0.002470 0.206216 -0.002290 -0.312138 -0.167068 -0.003595 -0.006701 -0.003813 0.208199 -0.349852 -0.143720 0.099322 0.192073 -0.314594 -0.082285 -0.387880 -0.057828 -0.171786 0.002809 -0.058948 0.025047 0.108474 -0.056531 0.016656 -0.012846 0.088411 -0.002766 0.239903 -0.058244 0.467141 -0.201733 0.002907 0.000153 -0.003485 -0.067931 0.459986 -0.000309 0.043517 0.000129 -0.000117 -0.002498 -0.021439 -0.002591 -0.461990 0.010207 0.043555 0.347401 0.093122 -0.056460
0.311582 0.006863 -0.092585 -0.004243 0.009281 -0.203556 0.322680 0.231775 -0.417661 -0.240581 0.159758 -0.100965 0.034591 -0.350698 -0.265539 0.242668 -0.000040 -0.001183 -0.255760 -0.301661 0.103492 -0.303820 -0.014559 -0.218695 0.029547 0.001897 0.444473 -0.025628 -0.069545 -0.003019 -0.204934 0.014238 -0.258064 -0.268411 -0.009686 -0.066696 -0.158551 0.306994 -0.329953 -0.262779 -0.017954 0.236354 -0.007702 0.063767 -0.069982 -0.015067 -0.156894 -0.006624 0.230438 -0.059971 0.064248 -0.010350 0.029263 0.012798 -0.179039 0.175660 -0.011083 -0.185523 -0.454274 -0.106956 -0.354656 -0.513737 0.164630 -0.064522 -0.397766 -0.467036 -0.050679 0.000792 -0.018704 0.013585 0.049356 -0.154745 -0.000852 0.010302 -0.006359 -0.124475 -0.150321 0.326803 0.130097 0.002981 0.077062 0.000687 -0.394787 -0.139964 0.000674 0.007491 -0.006041 0.016612 -0.329006 -0.163135 -0.097620 -0.517121 -0.114589 0.414947 -0.251914 -0.114713 -0.162111 -0.013655 0.132063 -0.157678 0.005852 0.065950 -0.425639 0.062266 -0.219413 -0.005397 -0.062187 0.084986 0.161295 -0.496886 -0.000539 -0.000424 -0.006532 -0.038292 -0.015155 -0.006864 0.045861 -0.006223 -0.000094 0.001722 -0.473868 0.000708 -0.305490 0.004772 0.146357 -0.436181 -0.001787 -0.216710
-0.069454 0.002399 0.037234 -0.017149 -0.015010 0.102975 -0.010433 0.021584 -0.003384 0.223801 0.098579 -0.171655 -0.015959 -0.113469 0.014647 -0.079397 0.002482 0.001293 -0.102300 -0.121477 0.363008 0.269904 0.022201 -0.064738 -0.023826 0.001499 -0.131386 0.002702 -0.362882 -0.002046 -0.150333 -0.168140 0.161689 0.181379 -0.006827 -0.043946 -0.226112 0.010071 -0.025710 -0.049723 -0.012771 0.001368 -0.002544 -0.300018 -0.042701 -0.055371 -0.362242 -0.002032 -0.110354 -0.020146 -0.181648 0.004930 -0.099352 -0.003399 -0.269712 -0.141606 -0.009073 -0.142863 0.025176 -0.248234 0.030920 -0.183504 -0.071446 -0.144485 -0.030724 -0.217905 -0.027422 -0.292043 -0.052052 0.007241 -0.102466 -0.030854 -0.001261 0.011930 0.000104 -0.109414 0.244583 -0.173566 -0.081925 -0.002274 -0.101272 -0.004646 -0.161259 -0.388989 -0.004732 0.012035 0.000233 0.034177 -0.271056 -0.173455 -0.161353 -0.157183 -0.327313 -0.011667 -0.040328 0.009658 0.011916 -0.004450 -0.023880 -0.329053 -0.120472 -0.163950 -0.089787 0.003006 -0.061955 0.002963 0.121059 -0.338077 -0.309296 -0.162832 -0.000860 0.004545 -0.007697 -0.000354 0.218009 0.001566 -0.097332 0.003196 -0.003457 0.001973 -0.112690 -0.000968 -0.157068 -0.000291 0.032338 -0.019622 -0.145452 0.198984
-0.151864 0.820263 -0.302488 -0.014643 -0.176789 -0.326639 0.095660 -0.073392 -0.596446 -0.295114 0.256339 0.555210 -0.003947 0.229357 -0.083504 0.061552 -0.002665 0.002458 -1.085617 -0.001422 -0.203878 0.464929 0.300526 0.272948 -0.035793 -0.006303 0.478279 -0.001806 -0.180594 -0.006803 -0.215731 0.323595 -0.052219 -0.387151 -0.002946 0.266471 -0.349237 -0.114794 -0.513208 -0.576092 -0.040215 0.360110 -0.003313 -0.805052 0.367564 0.042813 0.444723 -0.003983 -0.154819 -0.430259 -0.651720 0.001660 0.022319 -0.018731 0.133364 -0.053998 0.010986 -0.458529 -0.230895 -0.115097 -0.995943 0.057993 0.112684 -0.514889 -0.244203 -0.431245 -0.278850 0.797909 0.327041 0.016460 0.153724 0.385750 -0.001041 -0.011720 -0.000743 -0.463692 -0.007766 -0.545738 0.351670 -0.000959 -0.943086 0.000958 -0.087494 -0.017643 0.008416 0.023407 0.003275 0.426896 -0.445266 -0.539249 -0.841074 -0.433017 -0.615785 0.344160 -0.511251 0.033167 -0.443673 0.007196 0.649839 -0.409602 0.614282 0.389460 0.164274 0.284367 -0.042507 0.002342 0.375540 -0.622123 -0.211800 0.018770 0.001654 -0.004794 -0.018538 -0.185649 -0.508374 -0.005911 0.041408 -0.003233 0.001167 -0.000680 -0.791623 0.003627 0.075528 0.001431 0.954705 0.225361 -0.004548 -0.482138
0.085808 0.170027 0.151376 -0.015603 0.672494 -0.357979 0.198728 -0.571093 -0.297712 0.541593 0.217003 -0.491604 -0.011957 -0.224584 0.497776 -1.012690 0.002437 0.000544 0.728830 0.034181 0.025148 -0.007630 -0.331425 0.130356 0.017791 -0.002749 0.041863 0.020634 0.055934 -0.004191 0.533429 -0.726286 -0.021344 0.439035 -0.003443 -0.367549 0.421158 -0.269613 -0.422854 0.872506 0.017081 -0.256266 -0.012418 0.411766 -0.378081 -0.556002 -0.374755 0.001639 -0.370332 -0.330868 -0.526928 -0.001164 -0.664767 -0.025217 -0.369540 -0.248116 -0.001847 -0.152178 -0.307403 -0.334922 -0.368420 -0.613714 -0.350953 0.253186 0.025700 -0.086800 -0.519663 -0.211594 0.436983 0.007862 -0.362897 -0.078003 0.004007 0.005139 -0.003196 0.604746 0.099013 -0.164996 -0.288984 -0.001206 0.698863 0.015609 0.450007 -0.064660 0.005466 0.004350 0.002612 0.188703 -0.086038 0.498288 -0.784382 0.891210 0.183159 0.224991 -0.169835 0.497997 -0.417806 -0.000825 -0.569367 -0.249967 0.322933 -0.277701 -0.347875 -0.956079 0.371602 0.008275 -0.302804 0.329884 0.586470 0.260117 0.000092 0.004850 -0.011395 -0.319496 0.310148 0.000064 0.147768 -0.002779 -0.000726 0.001094 1.026689 0.000436 0.038626 -0.000559 0.071785 -0.056925 -0.172044 0.120881
0.129859 -0.046586 0.118272 0.023455 -0.051380 -0.027474 0.212379 -0.308342 -0.251072 0.182830 0.185632 0.291656 0.016854 0.255278 -0.086871 -0.039568 -0.003573 0.001094 -0.226924 -0.470490 0.275698 0.133997 0.826363 -0.168834 0.006454 0.012624 0.382713 0.001609 -0.166451 -0.002502 0.375236 -0.232471 0.048932 0.059195 -0.001971 -0.103757 0.176611 0.133558 0.070264 0.083725 0.008481 1.130419 0.001239 -0.102878 -0.203268 0.176984 0.026317 0.001824 0.176369 -0.042569 -0.270157 0.003594 -0.029267 -0.004347 -0.077442 0.212359 0.026942 -0.070211 0.163058 0.022397 -0.027976 -0.253902 0.272609 0.111880 -0.252853 -0.038294 0.356012 0.214811 0.080201 0.011557 0.085830 0.050661 0.005015 0.015055 -0.003760 0.179964 0.006531 -0.627175 -0.242284 -0.000346 0.011621 0.006551 -0.438246 -0.071735 0.006249 0.011918 0.005503 0.230566 -0.499583 -0.304178 -0.095482 0.177036 0.052379 0.138813 -0.234979 0.106733 0.171636 0.007122 0.076439 -0.303413 -0.114137 -0.145648 -0.729597 -0.283969 -0.080313 0.006676 -0.087944 -0.100150 0.017614 0.122991 -0.003064 -0.000703 -0.013484 -0.061788 0.095327 -0.002858 -0.120190 -0.005475 0.003757 0.000665 -0.070819 0.005138 -0.278366 -0.000569 -0.048893 0.355154 0.091085 -0.194796
-0.020881 -0.004291 -0.002538 -0.008507 -0.007333 -0.007178 -0.004950 -0.004708 -0.004828 0.000360 0.000691 -0.007091 -0.001676 -0.017642 -0.003546 0.000030 -0.001496 0.001618 -0.008966 -0.016228 -0.001439 -0.018700 -0.000120 -0.005146 -0.003258 0.000533 -0.003066 0.003997 -0.005623 -0.000009 -0.005729 -0.020300 -0.021907 -0.001304 -0.000039 -0.003202 -0.006808 -0.007343 -0.003605 -0.000308 -0.001810 0.002919 -0.001059 -0.000919 -0.000748 -0.006697 -0.000223 -0.000117 -0.007063 -0.006372 -0.000212 -0.002466 -0.005067 0.002088 -0.003109 -0.001518 -0.005404 -0.024644 -0.014373 -0.002651 -0.003982 -0.025322 -0.011438 -0.000138 -0.063094 -0.006718 -0.004995 -0.002949 -0.003941 -0.001792 -0.055276 -0.001700 -0.002032 -0.004752 -0.001384 -0.003302 -0.006370 -0.006607 -0.005590 0.001143 -0.002131 -0.000540 -0.004916 -0.006757 -0.000284 0.001772 -0.001909 -0.002406 -0.008945 -0.010477 -0.000175 -0.002552 -0.026838 -0.008729 -0.006138 -0.001985 -0.018569 0.000940 -0.008043 0.000241 -0.005740 -0.003921 -0.003642 0.004583 -0.012218 -0.005691 -0.000323 -0.010012 -0.016954 -0.041664 -0.003788 -0.000441 -0.006718 -0.002400 -0.002082 0.001927 -0.004368 0.000853 -0.000113 0.000260 -0.003504 0.002769 -0.001413 -0.000825 -0.002881 -0.002167 -0.013204 -0.017378
-0.055767 -0.523103 0.208635 0.021337 0.416881 -0.094867 -0.075212 0.330042 -0.020039 0.265737 -0.322387 -0.206830 -0.067048 -0.393625 0.249930 -0.184302 -0.004036 0.000931 -0.199742 -0.296091 0.297881 -0.097241 0.160343 -0.086579 0.017080 0.006486 0.486020 -0.003144 0.378341 -0.004518 0.079700 -0.448808 -0.196777 -0.226500 -0.001653 0.027654 0.181462 0.035998 -0.131705 0.295471 -0.009367 0.014610 -0.007828 -0.155782 -0.123158 -0.092011 0.006304 -0.003535 -0.024511 -0.186851 -0.087575 0.003212 0.177929 0.001859 -0.031037 -0.106595 0.043182 -0.114849 -0.197015 -0.016206 -0.122238 0.028593 -0.208009 0.295480 -0.526294 -0.165643 0.023936 -0.399463 -0.246834 -0.005173 -0.165025 -0.285934 -0.006630 -0.001098 -0.002125 0.216461 -0.035316 -0.116869 -0.045282 0.000167 -0.538390 0.003677 -0.255117 0.028829 0.006303 0.008906 -0.006194 -0.407417 -0.361348 0.094868 0.085741 0.296817 -0.301378 -0.155702 0.260168 -0.149723 -0.103932 0.005568 -0.237423 0.109668 -0.043093 0.131509 -0.218985 -0.056668 -0.075590 0.001907 -0.107145 -0.576553 -0.019934 -0.297313 -0.005178 -0.002272 -0.005441 -0.101385 0.053195 0.003550 0.002178 0.002972 -0.000310 0.000575 -0.084622 -0.004804 -0.184748 -0.000418 -0.094865 -0.069854 -0.287175 -0.085408
0.031608 -0.065221 -0.030554 0.082077 -0.261580 -0.062323 0.052556 -0.563734 -0.174094 -0.267227 0.142698 0.010863 0.057559 0.125919 -0.112676 0.443114 0.005516 0.003945 -0.334680 -0.529348 0.144882 0.007479 0.131764 -0.267538 0.008032 0.001789 -0.042489 0.002127 -0.210051 -0.000243 -0.700986 0.110302 -0.258175 0.220265 0.003279 0.049498 -0.036875 0.134949 0.108340 -0.297315 -0.028912 0.026259 0.010679 -0.579373 -0.163905 -0.118358 -0.410217 0.004580 -0.026207 -0.267915 -0.066735 -0.000125 0.032969 0.008227 0.061363 -0.165001 0.018195 0.163182 -0.349783 -0.113374 -0.290310 0.233438 0.094506 -0.179268 -0.253100 -0.017306 -0.083086 0.036322 0.243266 0.006057 0.194701 -0.304585 0.003655 -0.010175 0.006334 -0.357312 -0.207333 -0.465888 -0.116380 -0.000315 -0.140629 0.004621 0.082779 -0.362889 -0.000367 0.008520 0.005122 -0.332993 -0.424323 -0.213018 -0.490774 -0.190466 -0.663031 -0.025334 -0.296129 -0.474750 -0.148220 0.001301 -0.412996 -0.197616 -0.130347 -0.399068 0.389869 0.118330 -0.391162 -0.000781 0.162681 -0.034725 -0.048416 -0.411539 -0.000504 0.005578 0.002748 0.167645 0.461863 0.000269 0.147795 -0.002325 0.001656 -0.005099 -0.370059 -0.006957 -0.289114 0.009760 -0.048755 -0.241503 -0.017287 -0.228713
