-0.843341
0.264406
-0.492556
-0.038305
0.253382
-0.560046
-0.270349
-0.356897
-1.033209
-0.661581
-0.655362
-0.020468
-0.520241
-0.727027
-0.731742
-0.270011
-0.263226
-0.039243
-0.664064
-0.282457
-0.569004
-0.383839
2.380009
-0.617636
-0.069830
-0.663284
-0.577005
-0.453929
-0.351680
-0.037925
-0.030385
-0.057969
-0.773531
-0.342262
-0.017640
-0.460161
-0.063192
-1.365405
-0.963612
-0.408530
-0.265499
-0.040593
-0.944027
-0.151299
-0.837701
-0.648305
0.007777
-0.919942
-0.219919
0.943044
-0.860100
-0.918205
-0.544858
-0.143745
-0.700498
-0.531651
-0.788726
-0.186370
-0.161872
-0.507149
-0.750419
-0.031562
-0.936449
-0.423447
