-0.376908 -0.589604 -0.122924 -0.000996 -0.234622 -0.307848 -0.121607 -0.101630 -0.611301 0.083879 0.066637 -0.008702 -0.054808 -0.418229 -0.675189 -0.113948 0.045790 0.000842 -0.224007 -0.302925 -0.542007 -0.217586 -0.297297 0.035890 -0.013625 -0.420881 0.006085 -0.159143 -0.302099 -0.074336 0.017040 -0.053676 -0.447613 0.143940 -0.001663 -0.090121 -0.031496 0.200107 -0.136880 -0.123772 -0.309078 -0.000359 -0.857548 -0.030719 -0.313145 0.094830 -0.015249 -0.565416 -0.631458 0.697189 -0.223176 -0.283866 -0.125048 -0.012953 -0.119226 -0.246915 0.031944 -0.198417 -0.605227 -0.329198 -0.274069 0.024822 0.224741 -0.508700
-0.252253 -0.251913 -0.455989 -0.012157 -0.545989 -0.241028 -0.036052 -0.077633 -0.162771 -0.125169 -0.833048 -0.011512 -0.378172 0.169984 -0.224593 -0.065033 -0.453862 -0.006235 -0.627532 -0.325087 -0.321659 -1.032371 -0.235876 -0.789140 -0.020655 -0.043245 -0.524538 -0.277609 -0.705355 -0.153299 -0.014781 -0.005781 -0.789809 -1.302774 -0.001010 -0.136196 0.016818 -0.463478 -0.316240 -0.042598 -0.431070 -0.012989 0.501882 -0.137874 -0.215108 -1.069783 0.471222 0.040305 -0.567638 -0.586813 -0.626023 -0.552451 -0.120583 -0.020832 -0.683663 -0.605275 -0.317847 -0.204450 -0.185637 -0.372819 0.029110 0.000001 -0.315253 -0.386137
0.067814 -0.505104 0.068760 -0.007493 -0.313518 -0.325730 -0.045882 -0.059850 -0.246108 -0.273667 -0.251280 -0.027218 -0.147490 -0.357293 -0.140805 -0.011817 -0.313098 0.008069 -0.179734 -0.458205 0.258424 -0.443659 -0.213898 -0.477210 -0.027471 -0.644463 -0.025260 -0.501260 -0.298159 -0.184395 -0.011227 -0.011710 -0.413115 -0.829269 0.000478 0.103373 -0.005589 -0.283141 -0.171933 0.055595 -0.443833 -0.010858 -0.281747 -0.017412 -0.780325 -0.269939 -0.595876 -0.409381 -0.501508 -0.197867 -0.093648 -0.423754 -0.123488 0.016384 -0.367291 -0.469222 -0.272444 -0.132727 -0.461817 0.550242 -0.178822 -0.003564 -0.177296 0.398317
-0.477567 0.279523 -0.119115 -0.024139 -0.424804 -0.510118 -0.136873 0.014803 -0.334118 -0.119393 -0.613622 -0.011057 -0.015206 -0.723291 -0.161944 -0.035595 -0.457110 0.022953 -0.508850 -0.482571 -0.210825 -0.350606 -0.235028 -0.091037 0.070473 -0.496110 -0.475195 -0.360612 -0.144744 -0.784578 -0.016652 0.004062 -0.428360 -0.134656 -0.002803 -0.166130 0.009308 0.061208 -0.831938 -0.098071 0.502755 -0.015076 -0.305381 -0.021740 -0.468782 -0.050987 -0.881650 -0.353219 0.030944 -0.383614 -0.364789 -0.160620 -0.029343 -0.012545 -0.298074 -0.136465 -0.312542 -0.215996 -0.638540 -0.050733 -0.008927 -0.012986 -0.409654 -0.209142
-0.262061 -0.488247 -0.026515 -0.000437 -0.169888 -0.146425 -0.040488 -0.129770 -0.414161 -0.157383 -0.764558 0.021448 -0.249681 -0.245639 -0.438149 -0.054054 0.166275 -0.023903 -0.373439 -0.514290 -0.784525 -0.099630 -0.476396 -0.738343 -0.014844 -0.205381 -0.101119 -0.127561 -0.647971 -0.227840 -0.007412 0.012621 -0.106222 -0.477112 -0.009689 -0.056959 -0.011807 -1.073036 -0.157778 -0.089230 -0.466302 -0.004176 -0.473836 0.074070 -0.359138 -0.297721 -0.121280 -0.205963 -0.626158 -0.353690 -0.326986 -0.122904 0.047770 -0.022634 -0.067976 -0.030774 0.018591 -0.151133 0.635671 -0.126822 -0.149122 -0.001365 -0.374275 -0.436960
-0.163037 -0.474973 -0.183066 -0.027012 0.003732 -0.305025 0.058251 -0.046909 -0.035723 -0.512167 -0.408264 -0.011527 -0.239918 -0.186143 -0.661019 -0.075986 -0.219090 -0.007682 -0.171974 0.567010 -0.229600 -0.435183 -0.383581 -0.002451 -0.014321 -0.315308 -0.396271 -0.210168 -0.313643 -0.552612 -0.018581 -0.024007 -0.707281 -0.625165 -0.001786 -0.631657 -0.016482 -0.162991 -0.104750 -0.018620 0.046399 0.004274 -0.354529 -0.012254 -0.219751 -0.635460 -0.572491 -0.310154 -0.434006 -0.304001 -0.569116 0.123412 -0.167185 -0.004717 -0.434833 0.041926 -0.224706 -0.040565 -0.421388 -0.559547 -0.082101 0.005014 -0.570829 -0.208281
-0.075216 -2.802066 -0.086946 -0.008053 -0.615370 -0.726847 -0.096187 -0.056935 -0.175283 -0.194555 -0.198351 -0.028553 0.112588 0.043905 -0.523716 0.074610 -0.368923 -0.007523 -0.477244 0.123316 -0.258592 -0.634931 -0.229543 -0.615407 -0.012244 -0.018352 0.157254 -0.789853 0.029866 0.638714 0.001630 -0.005696 -0.130918 0.128913 -0.000289 -0.396681 0.024439 -0.282011 0.080129 -0.218777 -0.528610 0.004356 -0.130324 -0.102066 -0.237926 -0.272565 -0.421846 -0.118417 -0.663564 -0.224312 -0.715865 0.065509 -0.174962 -0.005626 0.045667 -0.393189 0.103122 -0.091755 -0.378516 -0.561092 -0.359541 0.007138 -0.747785 -0.310680
-0.259541 0.177425 -0.238041 -0.002893 -0.446924 0.680723 -0.102102 0.023988 -0.476335 -0.090757 -0.798561 -0.022465 -0.122662 -0.875394 0.098826 0.014814 -0.055378 -0.015823 0.205700 -0.356346 -0.665940 -0.470519 -0.547161 -0.769195 -0.097543 -0.362376 -0.421116 -0.238586 -0.871170 -1.747874 -0.013995 -0.014959 -0.463991 -0.374673 0.000409 -0.684823 0.017652 -0.286478 -0.457263 -0.078646 -0.437028 0.026252 0.141503 -0.093901 -0.374440 -0.396088 -0.116064 -0.714484 -0.609279 -0.315181 -0.309704 -0.355995 -0.092208 0.081935 -0.419608 -0.337742 -0.053672 -0.569256 -0.512919 -0.072796 -0.252141 0.003107 -0.275361 -0.809746
-0.784798 -0.134837 -0.139199 0.021410 -0.192376 -0.691737 -0.177848 -0.094386 -0.023054 -0.294048 -0.550465 -0.023166 -0.020405 -0.570136 -1.220289 -0.072436 0.146833 -0.007606 -0.559759 -0.170312 -0.366508 0.247273 0.795793 0.144136 -0.021601 -0.319855 -0.746562 -0.192955 -0.692387 -0.378464 -0.013483 -0.027818 0.076364 -0.605758 0.009710 -0.432301 -0.008996 -0.505973 -0.464581 -0.269947 -0.232196 -0.015899 -0.370305 -0.148959 0.029569 -0.279436 -0.080056 -0.181378 -0.286720 -0.689864 -0.813412 -0.531887 0.018071 0.001681 -1.289187 -0.243935 -0.551322 0.052387 -0.497616 -0.469680 -0.486921 0.001984 -0.596238 -1.455382
-0.165008 0.225466 -0.055220 -0.003639 0.562998 -0.225594 -0.116308 -0.059946 -0.168262 0.040286 -0.364879 -0.019885 -0.067423 -0.440179 -0.113498 -0.007260 -0.318174 0.000893 -0.098640 -0.479665 -1.213585 -0.524572 -0.500239 -0.624852 0.003767 -0.254503 -0.161283 0.052679 -1.037029 -0.731958 -0.039604 0.007360 -0.431749 -0.151674 0.010666 -0.686017 -0.009376 -0.126305 -0.262775 -0.020828 -0.270794 -0.001438 -0.453147 -0.089129 -0.047425 -0.199477 -0.342133 -0.488491 -0.304689 -0.316158 -0.066230 -0.209983 -0.008591 -0.080435 -0.453497 -0.341786 -0.085566 0.079034 -0.111416 -0.783448 -0.667846 -0.027460 -0.200048 -0.151271
