-0.831291
-0.008600
-0.292940
-0.135619
0.056773
-0.424452
-0.338556
-0.006937
-0.064478
0.023401
-0.199167
-0.306727
-0.303782
0.028811
-0.059691
-0.837578
0.620710
-0.088419
-0.014711
-0.784241
0.237358
-0.936848
-0.520406
-0.229341
-0.004826
-0.005230
-0.386548
-0.624910
-0.211767
0.305152
-0.020801
-0.467887
-0.005086
-0.888278
0.573519
0.191321
-0.271345
-0.214467
0.061722
0.099516
-0.193562
0.211014
-0.176829
0.118309
-0.004101
-0.108480
-0.270402
0.148507
-0.431123
-0.080376
0.518983
-0.179987
-0.373654
0.232672
-0.650924
-0.152995
-0.003113
-0.003578
0.725739
-0.582022
0.094977
-0.038176
-0.191295
-0.404789
