-0.245586 0.005431 0.495258 -0.658644 0.054367 -0.800618 0.370562 -0.002206 -0.233197 -0.991584 -0.311882 -0.457302 -0.207329 0.131025 -0.512779 0.828554 -0.496589 -0.597214 0.003350 -0.424547 -2.173329 0.344234 -0.498195 -0.614240 -0.008414 -0.715640 -0.313696 0.232397 0.229362 0.381658 0.000455 0.185459 -0.012395 0.495900 -0.229224 0.270500 0.299774 -0.913424 -0.451644 -0.928157 -0.846209 -0.258454 0.108637 0.310901 0.002418 -0.370266 -0.812831 -0.866504 -0.827775 -0.210619 0.345771 -0.666454 -0.914647 -0.801948 -0.975973 0.051410 -0.000329 0.003491 -0.034935 -0.424400 -0.401960 0.025898 -0.002712 -1.354944
-0.535136 -0.001101 -1.605423 0.288146 -0.935989 0.090312 -0.725794 -0.011580 0.034999 -1.044975 0.516935 0.267543 -0.671913 0.084191 -1.390012 -0.186082 -0.291219 -0.123986 -0.006417 0.607228 -0.565219 -0.126171 -0.641123 0.468669 -0.008013 0.558531 -0.583185 -0.648183 -0.635163 0.054857 0.018164 -0.506885 -0.005644 -1.237639 0.249156 0.195194 -1.054598 -0.801106 0.192845 -0.732526 -0.606374 0.024284 -0.266315 -1.209769 0.001332 -0.004546 -0.546430 -0.709504 0.679001 0.868045 -0.373540 -0.600824 0.045466 -0.069765 -0.315516 -0.033687 -0.005226 -0.009874 -0.694809 0.600220 -0.220737 -0.741111 -0.027255 0.034090
0.117027 -0.001069 -0.742101 -0.786321 0.294641 -0.218479 -1.143294 -0.000951 0.300357 -0.852200 -0.484941 -0.222670 -0.735220 -0.543363 -0.742500 0.299629 0.349095 0.496009 -0.008235 -0.412787 -0.773146 0.135448 -0.506451 -0.972536 0.000909 0.546440 0.192736 -0.312642 -0.559565 0.629771 0.005598 0.461805 -0.008644 -0.278930 -0.423929 0.607388 -0.314050 -0.046951 0.092680 -0.743130 -0.519398 -0.464008 0.214155 0.374101 -0.005127 -0.926365 -0.882926 -0.265310 0.349447 -1.161533 -0.105391 -0.426580 -0.089796 -0.845706 0.267406 -0.014972 -0.001669 -0.000370 -0.514983 -0.908846 -0.106486 0.006514 -0.031865 0.517611
0.301542 -0.000708 -0.825805 -0.849308 -0.356190 0.442426 -0.748547 0.001230 -0.577443 -0.204732 -0.667267 0.465104 -0.735585 -0.578202 -0.321947 -0.639463 -0.215569 0.269926 -0.000105 -0.922993 -0.736164 0.145652 -0.667007 0.399623 -0.007247 -0.413049 0.699863 -0.039516 0.456471 -0.656295 -0.052598 -0.590959 0.002620 -0.503649 -0.763339 -0.485426 -0.523900 0.208469 -0.153682 -1.053255 0.581077 0.373241 -0.513248 0.149534 -0.008215 0.271893 0.159502 -0.563101 -1.068706 -0.635929 0.213120 0.577017 -1.223809 -0.627834 0.367475 0.006754 0.001050 -0.001181 -0.587323 -0.576460 0.063763 -0.613010 -0.035636 0.347154
-0.505639 -0.000126 -0.327916 -0.668651 -0.032833 0.470549 -0.241119 -0.001030 -0.170564 0.408384 0.613454 0.591547 0.231729 -0.793723 -1.463157 -0.194029 -0.774990 -1.142932 -0.010890 0.111520 0.319244 -0.781904 0.444276 -0.253027 -0.003364 -0.227588 -0.818299 -0.686617 -0.397040 0.182124 0.005525 0.227720 0.005327 -0.550478 0.707010 -1.819457 -0.159838 -0.663547 0.182847 -1.043638 -0.665555 0.719456 -0.317307 -1.029187 0.001556 -0.635758 -0.717368 -0.273057 -0.030402 -0.323022 -1.093144 -0.553924 0.222426 0.233157 -0.785115 -0.071632 0.001067 -0.003834 -0.955995 -0.224854 -0.500707 0.677951 -0.120421 -0.848428
-0.608005 0.002198 0.207286 0.593091 -0.551963 -0.906556 0.013512 -0.011157 -0.391773 0.026225 -0.210531 -0.986018 0.010575 0.744405 0.563274 -0.545627 0.105882 -0.463247 -0.002393 -0.173267 -0.424618 -0.045388 0.012099 0.254501 0.004301 -0.493949 -0.659305 -0.347578 0.125633 -0.367690 -0.006437 -1.026692 -0.000837 0.189550 -0.292154 -0.213785 -0.233909 0.241782 0.022251 0.517211 -0.328627 -0.591418 -0.364107 -0.454073 -0.007342 0.169006 0.324076 0.114373 -0.742210 0.393666 0.421481 0.294908 -1.047057 -0.891812 -0.213328 -0.036960 0.000832 0.000698 0.975017 0.421356 0.019782 -0.378224 0.106776 -0.270408
-0.186509 0.002451 -0.202368 0.384828 0.248944 -0.307448 0.423669 0.006111 -0.057765 -1.157460 -0.534953 0.141130 -0.829511 -0.119250 0.359635 -0.230165 0.644769 -1.060179 -0.013238 -0.384312 -0.851680 0.197969 -1.084699 -1.809224 0.003555 -0.439799 -0.062979 -0.623530 0.319075 -0.027327 -0.024687 -0.282652 -0.000037 -0.171016 0.514974 -0.458040 0.621891 -1.504069 -0.720362 0.348199 -1.273105 0.377568 -0.164123 -0.510027 -0.001901 -0.286774 -1.300658 -0.691207 -0.485317 0.164622 -0.267941 -0.870794 0.038845 -0.300830 -1.162264 -0.017780 0.003498 0.005946 -1.195835 -0.040265 -0.031998 0.388820 -0.024406 -0.892585
-0.512964 0.008928 0.637694 -0.061652 -0.252149 0.148746 -0.001714 0.003295 -0.029729 -0.179674 0.054960 0.000111 0.312607 -0.351307 -0.407346 0.068072 -0.621680 0.384471 0.002272 0.380184 -0.161358 -0.962306 0.145605 -0.583798 -0.010654 0.332169 0.315877 0.006123 -0.078697 -0.848699 -0.003830 -0.212201 0.000209 -0.130595 -0.296138 0.272836 -0.835348 -0.571035 -0.381040 -0.265820 -0.133143 -0.269696 -0.446494 0.625304 -0.000435 -0.285346 0.454053 0.978166 -0.294585 -1.146562 -0.321193 -0.831595 0.339942 0.664903 0.323564 -0.050655 0.004512 -0.011285 0.507547 -0.101825 -0.866197 -1.152952 -0.043267 0.088676
0.202470 0.003809 -0.459402 0.084680 -0.417636 0.169515 -0.494759 -0.002808 0.542148 -0.084888 0.085605 -0.077588 -1.091252 -0.886729 -0.482688 -0.341298 0.055935 -0.495548 -0.002494 -0.750157 -1.088784 -0.421669 -1.109635 -1.102021 0.000944 -0.892072 -0.725517 0.181080 -0.801385 -0.648358 -0.027327 -0.543568 -0.000677 -0.270588 0.033336 -1.081393 -0.212055 -0.555498 -1.115288 -0.015961 -0.779394 -0.168624 0.633859 -0.474057 0.002203 0.504981 0.128182 -1.247618 -0.765642 -0.431926 -0.843816 -0.119902 -0.218563 -0.482636 -0.523183 0.004189 -0.001255 -0.006860 -0.544574 -0.259352 0.669823 -0.860945 -0.109659 -0.456603
0.427203 0.002322 -0.534156 -0.065750 -0.069286 -0.470233 -0.371162 0.000065 -0.794732 0.462106 -0.813800 -0.796106 0.373972 -0.648782 -0.550850 -0.082834 -0.644259 -1.013668 -0.002233 -0.268762 0.668369 -0.727553 0.108062 0.174683 -0.003498 -1.459795 -1.043954 0.495195 -0.842684 -0.492244 -0.041460 0.097423 -0.004149 -0.169693 -1.096534 -0.814067 -0.509243 0.457857 0.409370 0.125675 0.530908 -0.977725 -0.759652 -0.170699 0.005535 -0.275880 0.030316 -0.430788 0.326073 0.036545 -0.611206 -0.224889 0.107671 0.320646 -0.670712 -0.017611 -0.007206 0.002732 0.051804 -0.523824 -0.185861 -0.340459 -0.008817 -0.955366
