-0.432972
-0.000021
-0.175289
-0.072407
0.025057
-0.185080
-0.000434
-0.000004
-0.000012
-0.000012
-0.000008
-0.333062
-0.174765
-0.004858
-0.000008
-0.361878
-0.000003
-0.000037
-0.000014
-0.000012
-0.000007
-0.434924
-0.002987
-0.281617
-0.178634
-0.000167
-0.000009
-0.000416
-0.000019
-0.000400
0.031610
-0.090894
-0.000009
-0.238536
-0.001477
0.045213
-0.300611
0.012751
-0.063976
-0.368173
-0.350776
-0.053527
-0.000005
-0.000027
-0.100153
-0.039691
-0.000018
-0.037335
-0.000433
-0.385393
-0.000036
-0.000006
-0.275802
-0.000009
-0.000005
-0.000037
-0.016505
-0.000009
-0.182194
-0.099317
-0.000043
-0.000016
-0.136057
-0.218059
-0.285346
-0.000006
-0.063130
-0.597415
-0.000005
-0.000382
-0.000019
-0.338483
-0.000005
-0.007861
-0.272175
-0.092623
-0.374074
-0.056420
-0.000010
-0.000067
-0.324248
-0.000365
-0.000024
-0.000082
0.231602
-0.000023
-0.237706
-0.314361
-0.000028
-0.485241
-0.165876
-0.175301
-0.000004
-0.000003
-0.676544
-0.001880
-0.000501
-0.243954
-0.348856
-0.000083
0.100286
-0.000022
0.128535
-0.000029
-0.598493
-0.003137
-0.000476
-0.000003
-0.058164
-0.031664
-0.002569
-0.142950
-0.103762
-0.000010
-0.000018
-0.000042
-0.000003
-0.000008
-0.471088
-0.000416
-0.000513
-0.191353
-0.027483
-0.000223
-0.200367
-0.000003
-0.000540
-0.056699
-0.005255
-0.125439
-0.370240
-0.191677
-0.000008
-0.000003
-0.360835
-0.008054
-0.000007
-0.114367
-0.218163
-0.000007
-0.185600
-0.000287
-0.000016
-0.000216
-0.000273
-0.162586
-0.241207
0.035288
-0.000006
-0.824300
-0.000292
-0.006021
-0.000021
-0.000007
-0.000024
-0.000530
-0.000006
-0.000031
-0.000161
-0.000005
-0.113617
-0.275942
-0.028630
-0.074694
-0.610909
-0.397596
-0.071236
-0.000006
-0.000006
0.071745
-0.360052
-0.012062
-0.000025
-0.098501
-0.380331
-0.244686
-0.000036
0.105611
1.634773
-0.000410
-0.102510
-0.000005
-0.000009
-0.445633
-0.000083
-0.008451
-0.000014
-0.002593
-0.000024
-0.000004
-0.099057
-0.000043
-0.000508
-0.000010
-0.530298
-0.061875
-0.455638
-0.000006
-0.303243
-0.000008
-0.000044
-0.000020
-0.003729
0.009604
-0.038693
-0.385180
-0.000007
-0.360809
-0.000003
-0.000005
-0.291719
-0.000005
-0.154025
-0.000007
-0.003915
-0.073892
-0.000014
0.228124
-0.217019
-0.000074
-0.000007
-0.120026
-0.000016
-0.000007
-0.141252
-0.242086
-0.000061
-0.000032
-0.000007
-0.303075
-0.452974
-0.000557
-0.213689
-0.195010
-0.000047
-0.000044
-0.000036
-0.658639
-0.000008
-0.075885
-0.491376
-0.571423
-0.000007
-0.000316
-0.165157
-0.000349
-0.485632
-0.124390
-0.085336
-0.006327
-0.000066
-0.055914
-0.073318
-0.114933
-0.000006
-0.000059
