-0.123623
-0.446209
-0.000088
-0.371894
-0.000125
-0.003873
-0.424366
-0.000076
-0.179348
-0.334457
-0.067216
-0.000198
-0.459177
-0.704859
-0.000534
-0.042362
-0.006386
-0.301868
-0.000198
-0.000230
-0.674588
-0.613305
-0.404739
-0.000282
-0.171126
-0.000191
-0.000110
-0.000016
-0.000365
-0.030054
-0.658267
-0.030026
1.390780
-0.396167
-0.009510
-0.012732
-0.000139
-0.000371
-0.483670
-0.129224
-0.000114
-0.126129
-0.013894
-0.000241
-0.000169
-0.585839
-0.000915
-0.000110
-0.001774
-0.548425
-0.000038
-0.487640
-0.000045
-0.000318
-0.000164
-0.145979
-0.807218
0.338953
-0.000747
-0.339917
-0.058764
-0.573617
-0.000313
-0.547471
-0.000592
-0.000137
-0.000136
-0.537544
-0.000248
-0.000519
-0.371189
-0.725476
-0.810636
-0.581176
-0.000314
-0.788863
-0.323724
-0.000188
-0.607042
-0.003636
-0.046317
-0.000925
-0.000112
-0.000172
-0.000195
-0.009068
-0.214316
-0.097545
-0.000292
-0.341864
-0.006174
-0.000363
-0.009467
-0.339497
-0.000302
-0.008539
-0.587274
-0.118794
-0.815174
-0.000504
-0.096375
-0.104415
-0.000068
-0.000103
-0.013362
0.505439
-0.000544
-0.214649
-0.002025
-0.068434
-0.507860
-0.197981
-0.000569
-0.109159
-0.600602
-0.000265
-0.000071
-0.359968
-0.518459
-0.562674
-0.000093
-0.001477
-0.215667
-0.261963
-0.000129
-0.000027
-0.135518
-0.294853
