-0.000212 0.068905 -0.000013 -0.084886 -0.000031 -0.000006 0.080163 -0.000004 -0.000134 -0.026258 -0.002433 -0.000038 -0.042044 0.128509 -0.000022 -0.000014 -0.000192 -0.000024 -0.000015 -0.000026 0.016226 0.006314 0.103725 -0.000001 -0.194011 -0.000008 0.000003 0.000003 -0.000007 -0.003009 -0.269311 0.000005 -0.091906 -0.000035 0.000150 -0.000028 -0.000046 0.000001 -0.168281 -0.000197 0.000005 -0.000110 -0.000018 0.000002 0.000004 -0.094147 0.000002 -0.000006 -0.000002 0.163479 0.000005 -0.086202 -0.000006 0.000001 0.000036 -0.000180 -0.120756 -0.356422 -0.000003 -0.000153 -0.207619 -0.131206 -0.000056 -0.000018 -0.000022 0.000018 -0.000027 0.000209 -0.000001 -0.000032 -0.030548 0.323522 -0.273020 0.068742 -0.000001 -0.206357 0.330480 -0.000014 -0.293492 -0.000057 0.048747 -0.000098 -0.000038 -0.000013 -0.000001 -0.000023 0.000005 -0.000209 -0.000010 -0.000134 -0.000026 -0.000024 0.000195 0.042206 0.000002 -0.000021 -0.096576 -0.246449 0.440269 -0.000017 -0.000182 -0.000225 -0.000006 -0.000009 -0.000010 0.030445 -0.000032 -0.193765 0.000493 -0.000357 0.289069 -0.000008 -0.000022 -0.064156 0.139454 -0.000002 -0.000002 0.024731 0.162530 -0.075941 -0.000047 0.000526 -0.265904 0.000005 -0.000010 -0.000005 0.000040 0.018201
-0.000018 -0.101476 -0.000001 -0.024984 -0.000010 -0.000013 -0.031216 -0.000006 -0.014300 -0.129309 -0.000461 -0.000030 -0.032528 -0.015073 -0.000042 -0.000026 -0.000001 0.004946 -0.000007 -0.000005 -0.073773 0.000003 0.008344 0.000000 -0.163047 -0.000036 -0.000005 0.000000 -0.000009 -0.006259 -0.032477 0.003697 -0.012637 -0.000033 -0.005051 -0.003220 -0.000006 0.000045 -0.037469 0.011775 0.000017 0.003071 -0.000002 -0.000008 0.000007 -0.060957 0.000002 -0.000011 -0.000026 0.016121 -0.000003 0.004125 -0.000012 0.000023 -0.000028 -0.009824 -0.015618 -0.082469 -0.000001 -0.010968 -0.037085 -0.031267 -0.000011 -0.089546 -0.000045 -0.000006 -0.000016 -0.001991 0.000004 -0.000015 0.012270 -0.128027 -0.001700 -0.036600 0.000001 0.001748 0.003218 0.000000 -0.166853 -0.000017 -0.000025 0.000007 -0.000014 -0.000000 0.000043 -0.000113 -0.002396 0.007365 -0.000006 0.018573 -0.000020 -0.000020 -0.000012 -0.065945 -0.000012 -0.000148 0.004990 -0.101416 -0.043915 -0.000014 0.018520 0.030672 -0.000002 -0.000018 -0.000014 -0.099976 -0.000002 -0.167989 -0.000000 -0.014124 -0.007458 -0.003040 -0.000004 -0.140437 -0.013428 -0.000016 -0.000011 0.008631 -0.023439 -0.169290 -0.000003 -0.000051 -0.194691 0.022744 -0.000007 -0.000003 0.035820 0.041983
0.000004 -0.000071 -0.000010 -0.000003 -0.000032 -0.000001 0.000005 -0.000000 0.000001 0.000003 -0.000016 -0.000021 -0.000033 -0.000022 -0.000005 -0.000011 -0.000010 -0.000011 -0.000022 -0.000042 -0.000007 -0.000001 -0.000021 -0.000012 -0.000015 0.000003 -0.000003 0.000007 -0.000023 -0.000038 -0.000023 -0.000006 -0.000029 -0.000016 -0.000018 -0.000018 -0.000053 0.000000 -0.000004 -0.000003 -0.000011 -0.000085 -0.000036 0.000002 0.000001 -0.000030 0.000001 -0.000022 0.000000 -0.000023 -0.000003 -0.000002 -0.000014 0.000018 -0.000005 -0.000016 -0.000028 -0.000210 0.000002 -0.000157 -0.000022 -0.000001 -0.000051 -0.000039 -0.000019 -0.000023 -0.000025 -0.000021 -0.000043 -0.000030 -0.000017 -0.000004 -0.000027 0.000010 -0.000011 -0.000003 -0.000012 -0.000008 -0.000027 -0.000038 0.000002 0.000002 -0.000008 0.000006 -0.000022 -0.000013 0.000002 -0.000013 -0.000020 -0.000020 -0.000008 0.000003 -0.000051 -0.000004 -0.000091 -0.000213 0.000002 -0.000045 -0.000001 -0.000030 -0.000014 -0.000000 -0.000002 -0.000033 -0.000021 -0.000045 -0.000013 -0.000020 -0.000013 0.000002 -0.000014 -0.000011 -0.000036 -0.000228 -0.000008 -0.000003 -0.000011 -0.000035 -0.000011 -0.000006 -0.000025 -0.000010 -0.000045 0.000002 -0.000029 -0.000004 -0.000002 -0.000009
0.005889 0.005175 -0.000047 0.012101 0.000027 -0.000006 -0.004909 0.000019 0.006702 -0.000724 -0.000051 -0.000020 -0.050051 0.619128 -0.000048 -0.000065 0.000313 -0.049203 -0.000054 0.000002 0.027140 0.125454 0.228303 -0.000025 -0.034620 -0.000070 0.000004 0.000002 -0.000010 0.001325 0.085857 -0.000917 -0.325189 0.158408 -0.001099 0.002469 -0.000001 0.000006 0.290672 -0.015382 -0.000048 0.018984 0.000005 -0.000025 -0.000004 -0.116903 -0.000078 0.000005 -0.000000 -0.027104 -0.000000 -0.363504 -0.000023 -0.000000 0.000016 -0.002246 0.067196 -0.300040 -0.000023 0.220013 -0.218463 -0.352762 0.000002 0.198581 0.000012 -0.000000 -0.000057 -0.071620 0.000019 -0.000010 0.034874 -0.002212 0.216805 0.125110 -0.000052 -0.062347 0.301357 -0.000065 0.024303 0.001391 -0.000004 0.000078 -0.000013 -0.000001 -0.000024 0.008743 0.068228 -0.000009 -0.000084 0.047085 0.000982 -0.000069 0.000004 0.046140 -0.000044 -0.002010 -0.115711 -0.378524 -0.021950 0.000004 0.001510 0.007241 -0.000007 -0.000008 0.000152 -0.100879 0.000030 -0.125695 -0.000013 -0.009037 -0.263975 0.111963 -0.000062 -0.238278 -0.009902 0.000071 -0.000006 -0.038322 0.124907 -0.248756 -0.000007 -0.000013 -0.193501 -0.009696 0.000011 0.000002 -0.019425 -0.023805
-0.000078 -0.000135 0.000040 -0.000855 -0.000056 0.000020 -0.000023 -0.000016 -0.000039 -0.000040 -0.000041 -0.000047 -0.000109 -0.000166 -0.000026 -0.000025 0.000022 -0.000035 0.000000 -0.000007 -0.000022 0.000031 -0.000067 -0.000088 -0.000088 -0.000004 0.000005 0.000003 0.000019 -0.000082 -0.000006 -0.000002 -0.000142 -0.000070 0.000008 -0.000044 -0.000058 0.000004 -0.000037 -0.000030 0.000005 -0.000026 0.000002 -0.000009 -0.000011 -0.000954 -0.000061 -0.000025 -0.000007 -0.000056 0.000006 0.000023 0.000012 0.000022 -0.000055 -0.000115 -0.001193 -0.000954 -0.000038 -0.000010 -0.000035 -0.000049 -0.000045 -0.000017 -0.000109 0.000019 -0.000029 -0.000038 0.000060 0.000011 -0.000006 -0.000959 -0.000070 -0.000033 0.000013 0.000001 0.000015 0.000041 -0.000073 -0.000037 0.000012 -0.000000 -0.000008 -0.000048 0.000006 -0.000083 -0.000006 0.000043 -0.000002 -0.000012 0.000004 0.000015 0.000013 0.000019 -0.000050 -0.000091 0.000002 -0.000018 0.000024 -0.000011 -0.000049 -0.000990 0.000058 -0.000001 -0.000062 -0.000064 -0.000018 -0.000086 0.000019 -0.000024 -0.000090 0.000081 -0.000029 -0.000035 -0.000022 0.000025 0.000007 -0.000031 -0.000006 -0.000866 0.000029 0.000019 -0.000322 -0.000109 -0.000034 -0.000045 0.000029 0.000057
0.004536 0.006739 -0.000030 -0.009860 -0.000050 0.000340 0.003203 -0.000000 0.008891 -0.011268 -0.000212 0.000022 -0.015159 -0.015899 -0.000097 0.005115 0.000262 -0.011870 -0.000017 -0.000008 -0.018350 -0.002567 -0.016953 0.000002 -0.045248 -0.000029 0.000006 0.000001 -0.000060 0.011578 -0.000389 0.005875 -0.021113 0.000074 0.000046 -0.001145 -0.000038 0.000005 -0.008127 0.026078 -0.000025 -0.014166 0.007980 -0.000012 0.000024 0.003238 0.000044 -0.000096 0.000571 0.013322 -0.000002 0.006846 -0.000039 -0.000059 -0.000007 0.008118 0.001377 -0.039710 0.000480 -0.011164 -0.017478 -0.002693 -0.000071 -0.003215 0.000016 -0.000055 0.000055 -0.004396 -0.000007 -0.000035 0.013069 -0.002232 -0.008780 -0.000122 0.000027 0.006054 0.008314 -0.000068 -0.015508 0.000254 -0.000005 0.000019 0.000029 0.000017 0.000027 -0.000239 0.010907 -0.002808 -0.000045 0.001539 0.000866 0.000029 0.000673 -0.034474 -0.000090 0.000172 -0.028346 -0.015046 0.000101 -0.000005 -0.017076 -0.006961 -0.000010 -0.000012 -0.000553 -0.014953 -0.000021 -0.016859 -0.000302 -0.017336 -0.009768 -0.006399 0.000040 -0.044221 -0.015319 -0.000037 0.000011 0.011040 -0.026432 0.001358 -0.000022 0.000001 -0.023206 0.013217 -0.000014 -0.000000 0.001130 -0.014079
0.001889 0.083786 -0.000011 -0.157065 0.000006 0.000018 -0.030260 -0.000011 0.001670 -0.010949 0.005889 -0.000015 -0.055040 0.392179 -0.000036 -0.000028 -0.000009 -0.012856 -0.000033 -0.000011 0.071164 -0.069887 0.003669 -0.000032 -0.344895 -0.000018 -0.000002 -0.000003 -0.000004 0.002659 -0.097554 0.006155 -0.000647 0.002645 0.004973 0.011792 -0.000028 0.000001 0.184739 -0.006711 0.000006 -0.003459 -0.000064 -0.000002 0.000030 -0.000387 -0.000091 -0.000004 -0.000113 -0.060039 0.000001 0.097673 -0.000011 -0.000007 -0.000016 -0.028949 0.773453 -0.304386 -0.000143 -0.002580 -0.571831 -0.043915 -0.000029 0.003830 -0.000170 0.000002 -0.000051 0.121163 0.000026 -0.000023 0.221444 0.391566 -0.177837 0.200979 0.000002 -0.021345 0.285987 -0.000009 -0.321113 -0.000548 -0.000003 -0.000051 -0.000001 -0.000003 0.000002 -0.000081 0.003958 -0.024244 0.000002 -0.029839 -0.000002 -0.000012 -0.000014 0.196072 -0.000039 0.001879 0.040810 -0.267806 0.185528 -0.000187 0.030243 -0.018968 -0.000011 -0.000010 0.000001 0.101361 -0.000023 -0.148624 -0.000176 0.019657 -0.055106 -0.021822 -0.000003 0.193773 0.124583 -0.000049 -0.000003 -0.025605 0.558178 -0.020162 -0.000007 -0.000002 -0.429119 -0.020814 -0.000003 -0.000015 -0.000495 -0.017502
-0.000042 -0.000142 -0.000002 0.000030 0.000009 -0.000011 -0.000005 0.000002 0.000000 0.000000 -0.000143 -0.000043 -0.000218 -0.000069 -0.000069 0.000010 -0.000004 -0.000050 -0.000019 0.000001 -0.000080 -0.000161 -0.000086 -0.000114 -0.000135 -0.000002 0.000005 -0.000002 0.000083 -0.000139 -0.000101 -0.000036 -0.000064 0.000002 -0.000041 0.000050 0.000065 -0.000005 -0.000001 0.000008 -0.000006 -0.000158 -0.000036 0.000046 -0.000010 -0.000046 -0.000058 -0.000042 -0.000002 -0.000194 -0.000002 0.000002 -0.000009 0.000000 -0.000012 -0.000084 -0.000153 -0.000096 0.000047 -0.000152 -0.000066 -0.000049 0.000231 0.000033 0.000076 -0.000067 -0.000079 -0.000012 0.000008 -0.000069 -0.000061 -0.000054 -0.000136 -0.000015 0.000021 -0.000129 -0.000029 -0.000006 -0.000034 -0.000049 0.000040 -0.000153 0.000066 -0.000007 -0.000012 -0.000009 -0.000018 -0.000022 -0.000052 0.000001 -0.000013 0.000041 -0.000058 -0.000095 -0.000009 -0.000185 -0.000009 -0.000081 -0.000013 -0.000008 -0.000036 0.000047 -0.000009 -0.000007 -0.000110 -0.000126 -0.000010 -0.000127 -0.000047 0.000013 -0.000086 -0.000011 0.000015 -0.000087 -0.000065 -0.000012 0.000000 0.000000 -0.002548 -0.000010 -0.000006 -0.000011 -0.000194 0.000102 -0.000005 0.000001 0.000002 -0.000086
0.000039 0.001688 -0.000050 -0.001681 -0.000017 0.000153 -0.002216 -0.000028 0.000481 -0.001225 0.000307 -0.000054 -0.001266 -0.002805 -0.000063 -0.003739 0.000094 0.000247 0.000006 -0.000024 -0.002821 -0.000201 -0.000719 0.000023 -0.002929 -0.000036 0.000051 0.000002 -0.000086 -0.003246 -0.000121 -0.000869 -0.002226 -0.000893 -0.001572 0.000036 -0.000006 0.000044 -0.002790 0.001105 0.000013 -0.000549 -0.000619 -0.000006 -0.000009 -0.000904 -0.000025 -0.000032 -0.000024 -0.000127 0.000004 -0.003881 -0.000020 -0.000052 -0.000037 -0.016646 -0.001563 -0.007387 -0.000056 -0.000014 -0.003354 -0.000329 -0.000003 -0.002104 0.000008 -0.000107 -0.000026 -0.000146 -0.000055 -0.000014 -0.012506 -0.001547 -0.001539 -0.000056 -0.000026 -0.000212 0.000616 -0.000049 -0.003731 -0.000208 0.000009 -0.000082 -0.000008 0.000007 -0.000020 -0.000094 -0.000035 -0.000257 -0.000044 -0.000638 -0.000498 -0.000034 -0.001556 0.000911 -0.000034 0.001287 -0.000000 -0.002774 -0.003705 -0.000021 -0.015029 -0.001944 -0.000024 -0.000039 -0.000143 -0.001629 0.000076 -0.016741 -0.000137 -0.000011 -0.012935 -0.001374 -0.000036 -0.019115 -0.000517 -0.000016 -0.000011 -0.000115 -0.000015 -0.002005 -0.000008 0.000352 -0.003729 -0.001137 0.000008 -0.000011 0.000464 0.000111
-0.000014 -0.000029 -0.000021 -0.000002 -0.000025 -0.000006 -0.000023 -0.000005 0.000007 -0.000026 -0.000060 0.000000 -0.000003 -0.000024 -0.000001 -0.000010 -0.000005 0.000014 -0.000042 -0.000047 -0.000007 0.000010 -0.000036 0.000002 -0.000365 -0.000036 -0.000000 -0.000002 -0.000019 -0.000072 -0.000048 -0.000001 -0.000073 -0.000027 0.000005 -0.000003 -0.000011 -0.000007 -0.000008 0.000001 -0.000000 -0.000030 -0.000026 -0.000005 -0.000006 -0.000005 -0.000003 -0.000003 0.000000 -0.000077 -0.000004 -0.000008 0.000016 0.000001 -0.000032 -0.000020 -0.000057 -0.000207 -0.000003 -0.000164 -0.000056 0.000001 0.000006 0.000007 -0.000017 -0.000039 -0.000045 -0.000022 -0.000002 -0.000031 -0.000034 -0.000008 -0.000024 -0.000006 -0.000032 0.000005 -0.000027 0.000006 -0.000054 -0.000007 -0.000002 0.000012 -0.000005 -0.000026 -0.000004 -0.000010 0.000000 -0.000006 -0.000004 0.000006 0.000021 -0.000010 -0.000010 -0.000007 -0.000011 -0.000212 -0.000032 -0.000058 -0.001718 -0.000016 -0.000018 -0.000027 -0.000001 -0.000022 -0.000010 -0.000051 0.000001 -0.000014 -0.000011 0.000006 -0.000017 -0.000025 -0.000004 -0.000208 -0.000035 0.000002 -0.000030 -0.000002 -0.000011 -0.000008 -0.000025 -0.000004 -0.000015 0.000006 0.000003 -0.000007 0.000003 0.000001
-0.002278 0.157206 -0.000022 -0.011599 -0.000018 -0.000015 0.163383 0.000024 -0.011839 0.028326 -0.000075 -0.000009 0.012967 -0.075086 -0.000034 0.001768 0.000004 -0.021633 -0.000031 -0.000031 0.005272 -0.210247 -0.110905 -0.000034 0.166145 -0.000062 -0.000013 -0.000016 -0.000056 -0.007655 0.226340 -0.004313 -0.060592 -0.000563 -0.000041 -0.002197 -0.000005 0.000052 0.093979 -0.014195 0.000002 0.002867 0.003468 0.000007 0.000014 0.091598 -0.000035 -0.000017 -0.000002 -0.099381 -0.000011 0.002483 -0.000033 0.000025 -0.000002 -0.031160 0.232087 -0.193988 -0.000033 0.020796 0.223263 0.144858 0.000039 -0.002386 -0.000134 -0.000025 0.000021 0.170347 -0.000025 -0.000032 -0.006117 -0.092511 -0.155581 -0.127164 -0.000040 -0.049791 0.307912 -0.000034 -0.194786 0.000057 0.053275 0.000024 0.000012 0.000048 0.000039 0.000807 -0.000231 0.036114 -0.000054 -0.047332 0.002764 -0.000027 -0.003554 0.213889 -0.000015 -0.000093 -0.036529 -0.229811 -0.078645 0.000013 0.021144 -0.011103 -0.000002 0.000007 -0.000447 -0.361418 -0.000003 -0.243556 -0.000055 0.009009 0.065183 -0.014863 0.000014 -0.124552 -0.026662 0.000016 0.000005 0.100699 -0.008926 -0.138994 -0.000001 -0.000005 -0.120323 -0.012631 -0.000001 0.000003 0.000145 0.066480
-0.000945 0.016432 -0.000022 -0.024638 -0.000031 0.000595 -0.007258 -0.000008 0.043647 0.072741 -0.004140 -0.000011 -0.065466 -0.322654 -0.000157 -0.026665 -0.000134 0.151500 -0.000018 -0.000001 -0.047910 0.215373 -0.065280 0.000046 -0.160248 -0.000053 0.000031 0.000002 -0.000091 -0.006843 0.102944 0.003820 -0.099433 0.001245 0.000563 -0.001081 -0.000186 -0.000019 0.012905 -0.004766 -0.000009 -0.003506 0.001136 -0.000047 0.000012 -0.033901 -0.000093 0.000001 0.000535 0.057777 0.000005 0.303032 -0.000002 0.000033 -0.000009 -0.034681 -0.077041 -0.399027 -0.000211 0.077697 -0.379492 -0.139795 -0.000003 0.039252 0.000053 -0.000056 -0.000018 0.118547 0.000003 -0.000017 -0.083294 0.002301 0.050885 0.049655 -0.000070 0.263763 0.078393 0.000009 -0.117627 0.002224 0.000042 0.000769 -0.000013 -0.000002 -0.000066 0.000022 0.009419 0.067316 -0.000005 -0.009981 0.002317 -0.000094 -0.003385 0.096273 -0.000056 0.001341 0.116768 0.027112 -0.168108 -0.000164 0.020352 -0.015132 -0.000006 -0.000004 0.001074 -0.025040 0.000015 0.217982 -0.000066 0.035108 0.148667 0.008615 -0.000021 -0.096720 0.015644 -0.000074 -0.000006 0.085604 0.019928 -0.106609 0.000023 0.000048 0.267572 -0.014831 -0.000006 0.000011 -0.002438 -0.008552
0.002116 -0.061573 0.000005 -0.018504 0.000008 0.000256 0.013687 0.000003 0.006490 0.031195 -0.001871 0.000007 -0.072510 0.012111 0.000212 0.001943 -0.000290 -0.004037 -0.000032 -0.000013 -0.024812 0.024940 -0.010860 -0.000004 -0.043376 0.000014 0.000005 -0.000002 -0.000008 0.003526 -0.001008 0.004842 -0.005040 0.001963 0.003734 0.001699 -0.000093 -0.000111 0.000529 -0.004160 0.000002 0.005929 -0.002109 0.000003 -0.000003 -0.000389 -0.000037 -0.000021 -0.000175 -0.025692 0.000007 -0.030805 0.000004 -0.000071 0.000001 -0.005150 -0.033306 -0.049782 -0.000000 -0.002990 -0.027032 0.001553 -0.000005 -0.008150 0.000023 -0.000006 -0.000058 -0.057429 -0.000003 0.000081 0.003012 -0.008386 -0.008867 -0.000062 0.000002 -0.003067 0.008258 -0.000012 -0.041193 -0.000561 0.000017 0.000034 -0.000015 -0.000004 -0.000001 0.002952 -0.002151 0.002832 -0.000044 0.003697 -0.000460 -0.000004 0.003405 0.016214 -0.000105 -0.002224 -0.004814 -0.036950 -0.092187 -0.000004 -0.003371 0.002492 -0.000005 -0.000028 -0.003119 -0.028123 -0.000000 -0.041509 -0.000151 -0.002591 -0.021988 -0.021361 -0.000014 -0.062545 0.012212 -0.000008 -0.000008 0.005326 -0.029950 -0.066862 -0.000022 0.000226 -0.069326 -0.006333 -0.000005 -0.000000 0.007652 -0.034839
-0.000102 0.079457 -0.000015 -0.047982 -0.000009 0.000021 0.140735 -0.000004 0.012658 -0.011552 0.004115 -0.000028 -0.004268 0.186874 0.000005 0.002949 0.000365 0.030324 -0.000060 -0.000035 0.000526 -0.077313 -0.009818 -0.000034 0.183366 -0.000005 -0.000010 -0.000007 0.000123 -0.004644 -0.088707 -0.000475 0.173116 0.004406 -0.000182 -0.007392 -0.000042 0.000043 -0.086184 -0.013624 -0.000009 -0.014506 0.003346 -0.000007 -0.000033 -0.097161 -0.000080 -0.000049 0.000565 0.015113 0.000010 0.000703 -0.000002 0.000086 -0.000001 -0.009471 -0.092986 -0.131158 0.000040 -0.017285 -0.246533 0.004575 -0.000029 -0.014667 -0.000015 -0.000017 -0.000088 -0.019808 -0.000018 0.000005 -0.002439 -0.049780 0.000432 0.082129 0.000027 0.425002 0.033390 0.000007 0.048014 -0.000985 -0.000003 -0.000194 -0.000023 -0.000008 -0.000013 0.004407 -0.020583 0.002023 0.000006 -0.047139 0.000669 -0.000147 -0.000036 0.109121 -0.000006 -0.001268 0.269075 0.205768 -0.157549 -0.000051 -0.021752 0.006639 0.000005 -0.000024 0.004554 -0.072383 0.000009 -0.024853 0.000705 0.010792 -0.028682 0.048240 -0.000016 0.106170 0.002281 0.000001 -0.000013 -0.000573 0.252516 -0.278630 -0.000006 0.000223 -0.095069 0.001635 0.000006 -0.000004 -0.001477 -0.000744
-0.076555 -0.279320 0.000000 0.179387 -0.000014 -0.001935 0.042158 0.000041 0.003843 0.194604 0.001060 -0.000078 0.098734 0.195335 -0.000097 0.012680 0.000719 -0.001240 -0.000002 0.000120 0.149829 -0.120406 -0.187897 0.000027 -0.112980 0.000010 -0.000021 -0.000005 -0.000060 -0.001971 0.315496 -0.006926 0.076922 -0.069852 -0.003504 -0.003913 -0.000083 -0.000025 0.132050 0.034046 -0.000021 0.034486 -0.000696 0.000016 -0.000018 -0.055047 0.000007 -0.000002 -0.000516 -0.053279 -0.000002 -0.039132 0.000000 -0.000014 0.000004 -0.057294 -0.122232 -0.240219 -0.000012 0.034352 -0.198902 0.367134 -0.000097 0.143631 -0.000124 -0.000097 -0.000059 0.088123 0.000004 -0.000077 0.408106 0.092517 0.030738 -0.199718 0.000002 -0.072909 -0.039011 0.000030 0.596006 -0.000357 -0.000039 0.001186 0.000008 0.000077 -0.000015 0.000366 0.021603 0.008628 -0.000029 0.109635 -0.001026 -0.000014 -0.000159 -0.053147 0.000113 -0.001627 -0.478105 -0.027476 -0.152863 -0.000075 0.012064 -0.016109 -0.000009 -0.000012 0.002878 0.002363 0.000068 -0.134908 -0.000228 -0.010763 -0.115663 -0.010095 0.000083 -0.218306 -0.060157 0.000058 -0.000017 0.005279 -0.047619 0.009860 -0.000006 0.000128 -0.295978 0.030721 -0.000007 -0.000008 -0.024284 -0.022632
-0.000022 -0.000275 -0.000010 -0.000164 0.000002 0.000017 0.000051 -0.000004 -0.000065 -0.000016 -0.000165 -0.000014 -0.000438 0.000104 0.000008 -0.000117 0.000129 -0.000052 -0.000078 -0.000021 0.000063 0.000156 -0.000282 0.000004 -0.001275 0.000002 0.000003 -0.000006 0.000023 -0.001394 -0.001000 0.000062 -0.000156 -0.000058 0.000048 -0.000082 -0.000090 0.000096 0.000041 0.000010 0.000000 -0.000011 0.000047 0.000012 0.000002 -0.000072 0.000078 0.000109 0.000094 -0.000045 0.000001 0.000038 0.000014 0.000035 -0.000009 -0.000082 -0.000109 -0.000231 0.000046 0.000060 -0.000188 -0.000106 -0.000020 0.000044 0.000043 -0.000006 -0.000007 -0.000027 -0.000001 -0.000098 -0.000006 0.000045 -0.000161 0.000013 0.000038 0.000050 -0.000032 -0.000020 -0.000354 -0.000004 0.000068 -0.000036 -0.000012 0.000014 -0.000019 -0.000003 0.000021 0.000004 -0.000076 0.000030 -0.000004 -0.000050 -0.000166 -0.000068 0.000053 -0.000086 -0.000020 -0.000131 -0.000004 0.000046 -0.000046 -0.000003 -0.000001 -0.000005 -0.000000 -0.000292 -0.000037 -0.000043 0.000009 0.000000 -0.000005 -0.000053 -0.000082 -0.000152 -0.000055 -0.000009 0.000001 -0.000002 -0.000008 -0.000049 -0.000022 -0.000092 -0.000167 0.000072 -0.000003 -0.000010 -0.000146 0.000062
-0.000002 -0.041616 -0.000010 -0.000314 -0.000011 -0.000001 -0.034296 0.000007 0.000363 -0.012213 -0.000011 -0.000009 -0.075841 -0.034268 -0.000002 -0.000002 -0.000012 -0.098085 -0.000005 0.000001 0.000001 0.011470 -0.000053 -0.000001 -0.104113 -0.000002 -0.000002 -0.000005 -0.000009 -0.000047 0.018114 -0.000004 -0.011470 -0.062747 -0.000006 -0.000007 -0.000011 0.000004 0.000002 0.000002 0.000007 -0.000027 -0.000004 0.000002 -0.000005 0.000001 -0.000001 -0.000001 0.000002 -0.062854 0.000001 -0.000003 -0.000010 -0.000001 -0.000004 0.104217 -0.010825 -0.018690 0.000001 -0.029616 -0.046105 -0.036552 -0.000001 0.007762 -0.000000 0.000005 -0.000016 -0.096231 -0.000006 -0.000010 0.007984 -0.062816 0.057184 -0.008016 -0.000004 -0.042469 -0.030517 -0.000005 -0.060426 -0.000006 0.000001 0.000007 -0.000010 -0.000008 -0.000008 0.000001 0.054158 -0.000002 -0.000004 -0.000000 0.000001 -0.000000 -0.000011 -0.000824 -0.000003 -0.000003 -0.032096 -0.026767 -0.000006 -0.000028 -0.000009 -0.000015 -0.000000 -0.000004 -0.000009 -0.063329 0.000003 -0.138288 -0.000007 0.037115 -0.000006 -0.000005 0.000004 -0.072446 -0.000009 0.000001 0.000005 -0.025091 -0.037527 0.024214 -0.000002 -0.000009 -0.158173 0.022048 0.000002 0.000001 0.040158 -0.036344
0.000375 0.000866 0.000019 -0.063010 -0.000000 0.002077 -0.000017 -0.000031 -0.007418 -0.018954 0.002756 -0.000041 -0.052403 0.002102 0.000044 0.000710 0.000595 -0.065151 -0.000031 -0.000055 0.000969 0.005227 -0.002538 -0.000022 -0.099751 -0.000017 0.000012 -0.000012 -0.000036 0.002094 -0.039717 -0.008213 -0.141443 0.000737 0.001020 -0.000631 0.000023 -0.000028 -0.031308 -0.017712 -0.000044 0.002037 0.002362 -0.000085 0.000047 -0.000521 -0.000189 0.000016 0.000381 -0.006955 0.000008 -0.004375 -0.000002 0.000030 0.000011 -0.006530 -0.013334 -0.042638 -0.000171 -0.086717 -0.175542 -0.009657 0.000098 0.006336 0.000236 -0.000022 -0.000022 -0.004452 0.000022 -0.000031 -0.040739 -0.000056 0.006718 -0.000221 0.000040 -0.019524 -0.031064 -0.000024 -0.051449 -0.000422 0.000173 0.000281 0.000006 -0.000004 0.000084 -0.004310 -0.001562 -0.003538 0.000055 -0.080708 -0.000057 -0.000002 0.000824 -0.015180 -0.000052 -0.001373 0.004124 -0.116441 -0.003590 -0.000015 0.028878 0.004912 0.000018 -0.000024 -0.003131 -0.000307 -0.000036 -0.040149 0.000299 0.015071 0.000650 0.010840 -0.000041 -0.073523 0.006149 0.000054 -0.000043 -0.000949 -0.001455 -0.012385 0.000003 -0.000099 -0.022984 0.003197 -0.000005 0.000002 0.001218 -0.018053
-0.080507 0.029168 0.000009 0.136566 -0.000007 0.000817 0.142844 -0.000004 -0.031964 0.062405 0.000027 0.000004 -0.062198 0.087680 0.000059 0.038503 0.003863 -0.108789 0.000093 0.000116 0.091797 -0.116631 -0.089021 -0.000005 0.569301 -0.000027 0.000001 0.000004 -0.000092 0.010080 0.008928 0.003979 -0.206956 0.095586 0.000134 0.003299 -0.000107 0.000002 0.103809 0.015488 -0.000055 0.003756 0.000103 0.000057 -0.000031 0.127087 -0.000103 -0.000043 0.000469 0.126945 -0.000021 0.186693 -0.000015 -0.000059 0.000017 0.024495 -0.128482 -0.242397 0.000374 0.046300 -0.403391 -0.078909 0.000114 0.001034 -0.000074 0.000013 -0.000148 -0.035291 0.000041 -0.000157 0.142088 -0.046146 -0.085080 0.130491 -0.000015 0.057886 0.193615 0.000001 -0.120666 -0.000755 -0.000069 -0.000155 0.000004 0.000027 -0.000080 0.000604 0.024014 0.028735 0.000004 0.011140 0.000356 -0.000080 0.004498 0.069516 0.000109 -0.000651 -0.308042 -0.504797 -0.324183 -0.000097 0.010279 0.001822 0.000003 -0.000003 0.000782 -0.179651 0.000036 -0.150034 0.000485 -0.008369 -0.118403 0.009448 0.000103 -0.230574 0.083614 0.000017 -0.000026 0.015937 -0.083530 -0.001539 0.000003 0.000181 -0.285852 -0.019836 -0.000002 -0.000012 0.008591 -0.031910
-0.000003 -0.000073 -0.000006 -0.000006 -0.000007 -0.000001 0.000006 -0.000005 0.000003 0.000003 -0.000101 -0.000016 -0.000126 -0.000008 -0.000017 -0.000010 -0.000000 -0.000014 -0.000008 -0.000008 -0.000006 -0.000044 -0.000062 -0.000010 -0.000039 0.000007 -0.000009 0.000008 -0.000006 -0.000130 -0.000008 0.000011 -0.000085 -0.000078 0.000000 -0.000023 -0.000043 -0.000005 0.000001 0.000002 -0.000006 -0.000059 -0.000042 -0.000008 -0.000006 -0.000075 -0.000120 -0.000003 -0.000003 -0.000029 0.000001 -0.000010 -0.000011 0.000003 -0.000011 -0.000022 0.000001 -0.000077 -0.000046 -0.000081 -0.000017 -0.000001 -0.000040 0.000001 -0.000008 -0.000025 -0.000014 -0.000036 -0.000000 -0.000030 -0.000006 0.000004 -0.000038 0.000001 -0.000005 -0.000000 -0.000030 0.000001 -0.000025 -0.000010 0.000000 -0.000034 -0.000007 -0.000015 -0.000005 -0.000009 0.000001 0.000006 0.000003 -0.000004 0.000003 -0.000051 -0.000001 0.000006 -0.000013 -0.000059 -0.000005 -0.000058 -0.000014 -0.000014 -0.000029 -0.000137 -0.000006 0.000000 -0.000004 -0.000048 -0.000018 -0.000257 -0.000016 0.000001 -0.000051 0.000007 -0.000029 -0.000070 -0.000022 -0.000002 -0.000005 -0.000050 -0.000007 -0.000018 -0.000002 -0.000002 -0.000266 -0.000000 -0.000002 -0.000014 0.000003 0.000004
0.088900 0.121754 -0.000004 -0.207079 0.000035 0.001637 0.071734 0.000022 0.071037 0.037000 -0.053909 -0.000024 -0.059938 0.140462 -0.000204 0.001726 -0.000827 -0.033960 -0.000066 0.000055 -0.218590 -0.185139 0.289516 -0.000069 -0.388148 0.000010 -0.000013 -0.000009 -0.000018 -0.004894 -0.010930 0.000774 -0.062474 0.047470 0.003344 0.001640 -0.000002 0.000012 0.212880 0.045211 0.000020 -0.017506 0.001770 -0.000060 0.000033 0.110811 -0.000153 0.000021 0.000282 0.143423 0.000003 0.218879 -0.000007 -0.000063 0.000001 -0.010974 0.073006 0.704595 -0.000641 0.083208 -0.070131 0.135632 0.000009 0.110001 -0.000004 0.000013 0.000007 0.125285 -0.000071 -0.000050 -0.077783 0.133347 -0.186166 0.068082 -0.000040 -0.248063 -0.113174 0.000003 -0.316991 0.001174 -0.049705 0.000306 0.000002 -0.000007 0.000017 0.000580 0.093125 -0.004117 0.000061 -0.017708 -0.000262 -0.000057 0.000663 0.481363 0.000073 -0.003372 0.093788 0.087398 0.027549 -0.000068 -0.028264 0.008805 0.000014 -0.000023 -0.000143 -0.178860 -0.000008 -0.163821 0.001539 0.005668 0.087656 -0.073769 -0.000072 -0.045518 -0.121210 0.000053 0.000009 -0.052862 -0.110167 -0.138427 0.000094 0.000086 0.114951 -0.002879 0.000004 0.000003 -0.079743 0.018910
0.000467 0.277439 -0.000010 -0.021185 -0.000005 0.000735 -0.012555 -0.000008 0.000074 -0.008825 -0.000036 -0.000038 0.590403 0.014664 -0.000151 0.000780 0.000310 0.033583 -0.000006 -0.000022 0.025209 0.177232 0.021449 0.000004 -0.034575 -0.000007 0.000007 -0.000001 -0.000077 -0.000590 0.262815 -0.000383 -0.077968 -0.098067 -0.000441 -0.001825 -0.000021 -0.000011 0.071955 0.000204 0.000001 -0.002995 0.000606 -0.000006 0.000044 0.254636 -0.000065 -0.000017 0.001322 -0.146074 -0.000000 0.095084 -0.000015 0.000022 -0.000009 -0.006084 0.390293 -0.119175 -0.000087 0.085112 -0.363799 0.112872 0.000150 -0.071089 0.000038 0.000112 -0.000034 0.000512 0.000005 -0.000122 0.440223 -0.030170 0.147198 0.043284 0.000055 -0.226999 0.482784 -0.000040 -0.304738 0.000618 0.000052 0.000023 -0.000040 -0.000035 -0.000048 -0.000613 -0.000136 -0.000735 -0.000011 0.002456 0.002197 -0.000002 0.000165 -0.128447 -0.000081 0.000574 -0.189436 -0.365373 -0.190058 -0.000054 -0.001352 0.044111 -0.000010 -0.000017 0.000614 -0.083175 -0.000029 0.250438 0.000714 0.001322 -0.129471 -0.005067 0.000030 -0.091591 -0.237837 0.000003 -0.000030 0.013977 -0.006746 0.223925 -0.000004 -0.000268 -0.106210 0.000085 -0.000012 -0.000013 -0.006044 0.143021
-0.082388 -0.060285 -0.000052 0.019122 0.000020 -0.000220 -0.020642 0.000068 0.017287 0.080043 0.058337 0.000040 0.058821 -0.092327 0.000205 -0.005658 -0.000347 -0.080953 -0.000075 -0.000108 -0.008253 0.353691 -0.337217 -0.000097 -0.149252 0.000085 -0.000029 0.000003 0.000026 0.014535 0.082637 -0.017476 -0.224576 0.015013 0.002272 0.002213 -0.000135 0.000044 0.223713 -0.001351 -0.000035 -0.013215 -0.003395 0.000035 0.000044 0.006235 -0.000045 -0.000044 0.000431 -0.156475 0.000025 0.256957 -0.000006 -0.000020 -0.000025 0.002861 0.033165 -0.590455 -0.000060 -0.065224 -0.162862 -0.050083 -0.000065 0.142710 -0.000030 0.000057 -0.000060 0.128282 0.000009 -0.000232 0.325528 -0.022858 -0.075830 0.097943 -0.000015 0.352167 -0.177840 0.000001 -0.014209 0.000178 0.000028 -0.000011 -0.000021 0.000002 0.000029 0.002732 0.000223 0.019663 -0.000068 -0.042629 -0.000561 -0.000060 -0.003360 0.205594 -0.000087 -0.001168 -0.167481 -0.205773 0.440143 -0.000000 0.050880 0.042069 -0.000017 -0.000011 0.017804 -0.375937 -0.000075 0.030282 0.000030 -0.027243 0.026076 0.000875 -0.000086 -0.215691 0.059363 -0.000018 0.000010 -0.022590 -0.152777 0.215249 -0.000032 0.000226 0.671077 0.059607 -0.000001 -0.000002 0.018243 0.126184
-0.086086 0.179127 -0.000025 -0.067056 0.000023 -0.000456 -0.153308 -0.000006 -0.013431 0.058610 0.003494 0.000015 -0.192262 -0.053418 -0.000291 -0.001969 -0.000377 -0.088433 0.000028 0.000008 0.050027 -0.033815 -0.112769 -0.000004 -0.475667 -0.000029 0.000001 0.000003 -0.000052 0.016538 -0.167614 -0.006596 0.567915 -0.089401 -0.005890 0.000420 -0.000054 -0.000078 -0.072900 -0.070807 -0.000018 -0.002864 0.003285 0.000088 -0.000010 0.112808 -0.000072 0.000000 -0.000203 0.105274 -0.000022 -0.003440 -0.000001 0.000066 0.000040 -0.052218 -0.307803 -0.270239 -0.000182 -0.000493 -0.316345 -0.324231 -0.000090 -0.087311 0.000016 -0.000057 0.000028 -0.127162 0.000025 0.000115 -0.106618 -0.273939 -0.079429 0.120997 -0.000011 -0.410706 -0.125676 -0.000068 -0.389110 0.000678 0.000046 -0.000136 0.000008 0.000011 -0.000014 -0.001483 -0.003654 0.008114 -0.000001 -0.015136 -0.000516 -0.000045 0.001239 -0.292564 -0.000115 0.002247 0.012116 -0.341544 -0.607596 0.000249 -0.012130 -0.019708 -0.000009 -0.000008 -0.000505 -0.005272 -0.000046 -0.104672 -0.000233 0.001354 -0.282103 -0.021637 0.000008 -0.208263 0.093433 -0.000001 -0.000038 -0.111823 -0.337220 -0.597747 0.000002 -0.000109 0.055690 -0.088643 -0.000002 0.000003 -0.011554 -0.063531
-0.000330 0.012633 -0.000004 0.005561 -0.000009 0.001558 -0.017220 -0.000006 0.001966 0.006222 0.000147 -0.000000 -0.018582 -0.003970 -0.000002 0.001057 0.000372 -0.012522 0.000018 -0.000001 -0.007365 -0.000306 0.012751 0.000059 -0.087044 -0.000007 -0.000006 -0.000001 -0.000115 0.001686 -0.044176 -0.004082 -0.033137 -0.000088 0.000332 0.000940 -0.000095 -0.000052 -0.026024 0.000736 -0.000002 -0.006874 0.003474 0.000047 -0.000004 -0.082546 0.000061 -0.000017 0.000172 0.007681 0.000002 0.018349 -0.000011 -0.000049 -0.000005 -0.009848 -0.016751 -0.029818 0.000097 -0.044698 -0.102029 -0.058898 0.000025 -0.001474 0.000006 -0.000016 -0.000079 0.013064 -0.000006 -0.000174 0.005911 -0.000699 0.003587 0.000031 0.000008 -0.037936 0.013273 -0.000017 -0.108342 0.000809 0.000306 -0.000013 -0.000017 -0.000018 -0.000061 -0.000877 -0.048670 -0.000400 0.000113 -0.019085 -0.000644 0.000066 0.000476 -0.016423 -0.000029 -0.000116 -0.057178 -0.081074 -0.031095 -0.000048 0.008684 -0.002240 -0.000009 -0.000014 -0.000151 -0.045677 -0.000074 -0.092888 0.000771 0.026200 -0.059942 -0.003022 -0.000072 -0.093322 0.009702 -0.000007 -0.000006 0.005555 -0.040813 -0.004270 0.000003 0.000219 -0.064589 -0.049125 -0.000012 -0.000008 0.020820 -0.003578
0.002582 0.189784 -0.000002 -0.025361 -0.000025 0.000236 0.225427 -0.000011 0.000373 0.163446 -0.001308 -0.000033 -0.081619 -0.010533 0.000230 0.000154 0.000681 -0.019867 -0.000026 0.000032 0.171662 0.091790 0.000605 -0.000009 -0.201181 0.000004 -0.000002 -0.000006 -0.000014 0.003501 0.294839 -0.004875 0.144812 -0.001374 -0.000725 0.000708 0.000022 -0.000006 -0.012132 -0.016211 0.000005 0.000501 0.000690 -0.000018 -0.000008 0.210057 -0.000230 -0.000023 0.000500 0.213741 0.000001 0.325559 0.000002 -0.000030 -0.000005 -0.008749 0.044665 -0.033658 0.000001 -0.009787 -0.191374 0.596488 -0.000005 0.073776 0.000140 -0.000018 -0.000001 0.050802 0.000002 -0.000075 0.220800 -0.019492 0.190596 -0.039417 -0.000008 -0.053843 -0.137668 -0.000030 0.250919 -0.000913 0.000323 0.001313 -0.000011 0.000007 -0.000013 -0.001271 -0.010047 0.000382 -0.000002 -0.001340 0.000817 -0.000009 0.003385 -0.051889 -0.000103 -0.000747 -0.137476 -0.257339 -0.135990 -0.000024 -0.001510 0.009604 -0.000002 -0.000016 0.000493 -0.384614 -0.000008 -0.066406 0.000431 0.002483 0.214480 0.065796 -0.000008 -0.402054 -0.033744 -0.000001 -0.000002 0.213903 0.552421 0.241994 0.000011 -0.000076 -0.420498 -0.080786 0.000009 -0.000020 0.046234 0.101677
0.001281 -0.255867 -0.000008 -0.090541 -0.000004 -0.000002 0.774363 0.000001 -0.057044 0.105708 -0.000043 -0.000013 0.188035 0.125152 -0.000023 -0.001921 0.000008 -0.127540 -0.000026 -0.000047 0.138597 0.007774 0.359454 -0.000016 -0.232917 -0.000023 0.000022 -0.000011 -0.000054 0.000156 0.394688 0.000248 -0.353758 0.121044 -0.000303 -0.000015 -0.000019 -0.000009 0.043329 0.011591 -0.000004 0.002335 -0.000012 -0.000009 0.000000 -0.083981 -0.000047 0.000011 0.000002 0.159477 -0.000004 0.160321 -0.000030 0.000010 -0.000031 -0.022202 0.200989 0.299646 -0.000003 0.150016 -0.129302 0.193702 -0.000001 0.065119 -0.000015 -0.000085 -0.000029 0.067464 0.000001 -0.000020 0.224271 0.213600 -0.094770 0.078200 -0.000003 0.133418 -0.112566 -0.000007 0.137606 0.000638 -0.000026 -0.000035 -0.000022 -0.000001 -0.000019 0.001371 0.069332 0.060024 0.000003 -0.045549 0.002104 -0.000043 0.000176 -0.059594 -0.000050 0.000003 -0.026337 -0.244347 0.280364 -0.000020 0.014824 -0.087361 0.000014 -0.000008 -0.000065 0.065919 0.000005 -0.366365 -0.000016 -0.003266 0.265152 -0.003436 -0.000018 -0.222079 0.139863 -0.000002 -0.000020 0.048584 0.105514 0.019218 -0.000003 -0.000006 -0.110648 0.071522 -0.000025 -0.000013 -0.027912 0.032615
0.000718 0.021130 0.000032 0.021310 -0.000006 0.001171 0.046728 -0.000023 -0.000942 -0.002383 -0.000250 -0.000014 -0.064883 -0.061174 -0.000022 -0.000742 0.001480 -0.010999 0.000047 -0.000003 -0.131396 0.004694 0.005761 -0.000030 -0.206189 0.000002 0.000005 -0.000006 -0.000013 0.000355 -0.003864 -0.002194 -0.095384 -0.000667 0.000100 0.000295 0.000011 0.000031 -0.023406 0.012834 0.000056 0.004060 0.000801 0.000008 0.000074 -0.000450 0.000095 -0.000021 -0.000086 0.039963 0.000004 -0.002190 -0.000025 0.000029 -0.000008 0.052017 -0.008931 -0.068073 0.000632 0.007009 -0.055616 -0.092399 -0.000046 -0.018423 0.000035 -0.000040 -0.000051 -0.008919 0.000024 -0.000085 0.004554 -0.000627 0.003543 -0.093854 -0.000011 -0.025499 -0.044251 -0.000023 -0.114915 -0.000058 0.000046 -0.000031 -0.000010 -0.000005 -0.000052 -0.000504 0.006226 0.002082 -0.000011 0.045859 -0.000358 -0.000037 0.000507 0.011286 -0.000057 0.000258 0.027541 -0.114004 0.009419 0.000002 -0.007609 0.043209 0.000006 -0.000010 0.001399 -0.012018 0.000025 -0.098431 0.000022 -0.005086 -0.027066 0.002051 0.000047 -0.030348 -0.001347 0.000027 -0.000008 -0.026549 0.002374 -0.071334 -0.000006 -0.000157 -0.127183 0.003850 -0.000011 0.000006 0.041533 0.040578
0.080729 -0.014218 0.000044 0.027773 -0.000034 -0.001404 0.167829 -0.000035 0.020777 -0.014929 -0.000235 0.000011 0.032701 0.212710 0.000021 -0.002343 0.000155 0.139965 -0.000064 0.000093 -0.134526 0.152751 0.079473 0.000061 -0.117889 -0.000081 0.000000 0.000003 0.000114 0.008767 0.262982 0.000991 0.232273 0.060528 -0.001830 -0.000264 -0.000017 0.000005 0.011079 0.002731 0.000032 -0.003400 0.001318 0.000005 0.000021 -0.090608 -0.000150 -0.000057 0.000473 0.355867 0.000004 0.113874 0.000000 -0.000001 0.000056 0.007667 0.115448 -0.282244 -0.000335 -0.078372 -0.469782 -0.046021 0.000135 0.031939 0.000112 -0.000002 -0.000034 0.092502 -0.000036 -0.000024 -0.025963 0.229825 0.386541 0.129090 0.000024 0.031058 0.345458 -0.000016 -0.204419 0.000258 -0.000002 0.000079 -0.000016 -0.000002 0.000006 0.002601 0.027906 0.000154 -0.000004 0.222416 -0.000553 -0.000003 0.005625 0.434430 -0.000070 0.000441 -0.066119 0.203714 -0.023343 -0.000009 -0.027092 0.002399 -0.000006 0.000023 0.000181 -0.295099 0.000012 0.299382 -0.001022 0.004787 0.037190 -0.007110 -0.000004 -0.275714 0.209778 0.000048 -0.000003 0.220822 0.155377 0.188107 0.000006 0.000000 -0.315217 0.069190 0.000002 -0.000003 0.056487 0.012148
-0.000438 -0.222262 0.000010 -0.176587 0.000029 -0.000006 0.245122 -0.000003 0.017247 -0.022075 -0.001129 -0.000016 -0.116833 0.334887 -0.000007 -0.021674 0.000003 0.033670 -0.000001 -0.000005 0.184408 0.151814 -0.013550 0.000006 0.326723 0.000005 0.000004 -0.000001 -0.000008 0.005038 0.133512 -0.003457 -0.030966 0.077756 -0.000020 0.004889 -0.000016 -0.000007 0.079646 -0.008396 0.000043 -0.012291 0.006930 0.000004 -0.000016 -0.018259 0.000043 -0.000010 -0.000024 -0.085157 0.000006 0.245943 -0.000018 0.000018 0.000022 -0.001432 0.471302 -0.065849 -0.000005 0.027282 -0.149311 -0.066431 -0.000047 -0.041252 -0.000007 -0.000027 -0.000019 0.129784 0.000014 -0.000032 0.159526 -0.156294 -0.155262 0.105261 0.000002 -0.274847 0.189883 -0.000023 -0.163028 -0.000041 0.052197 -0.000368 -0.000099 -0.000004 0.000001 0.007615 -0.050333 -0.010146 -0.000003 0.035946 0.001477 -0.000005 0.001712 0.306607 -0.000023 -0.000209 0.360052 -0.415438 0.205395 -0.000030 -0.029633 0.059931 -0.000013 -0.000002 0.005020 -0.216498 -0.000019 -0.105279 -0.000018 -0.008521 0.009341 -0.022374 -0.000004 -0.165370 0.266800 0.000006 -0.000020 0.093949 -0.207924 0.123472 0.000002 -0.000002 -0.271821 -0.027223 0.000008 -0.000009 -0.060353 0.058907
-0.000517 0.348292 0.000003 -0.030959 -0.000006 0.001337 0.012006 0.000013 0.000509 0.026379 -0.000154 -0.000005 -0.104376 -0.062550 -0.000006 -0.000935 0.000179 -0.000519 -0.000022 -0.000008 -0.058120 -0.115600 -0.098882 0.000005 -0.145642 -0.000001 0.000007 -0.000004 -0.000016 -0.006356 0.174265 0.000387 0.222423 -0.056526 -0.000739 -0.001041 -0.000014 -0.000027 -0.054236 -0.009280 0.000004 -0.000030 -0.001224 -0.000007 0.000014 -0.000352 -0.000019 -0.000004 -0.000287 -0.003527 0.000001 0.185025 0.000008 -0.000012 -0.000005 -0.002557 -0.161238 -0.080244 -0.000262 0.030728 -0.114090 -0.117116 -0.000011 -0.055044 -0.000004 0.000003 -0.000038 -0.008885 -0.000018 -0.000001 0.158955 -0.085081 -0.018499 0.038797 0.000004 0.049401 0.011627 -0.000015 -0.289782 -0.000059 -0.000004 0.000008 -0.000003 0.000003 -0.000003 0.000575 0.000002 -0.000236 -0.000010 0.002628 -0.001231 -0.000011 0.000078 0.188325 -0.000005 -0.000413 -0.086937 -0.065053 -0.116654 -0.000006 -0.007480 -0.009509 0.000002 0.000006 -0.000571 -0.087323 -0.000003 0.251762 -0.000275 -0.001036 -0.015769 0.007670 -0.000012 -0.081963 -0.069348 -0.000014 0.000011 -0.060338 0.083093 0.067746 -0.000004 0.000005 -0.165969 0.008244 -0.000004 0.000006 -0.001733 0.015998
-0.000005 -0.036274 0.000002 0.000170 -0.000016 0.000185 -0.005325 -0.000000 -0.004341 -0.065493 0.000115 -0.000013 -0.015439 -0.055593 0.000006 0.000318 -0.000501 -0.010891 -0.000030 -0.000006 -0.052160 -0.006125 -0.021218 -0.000007 -0.037856 -0.000022 0.000013 0.000001 -0.000012 0.012133 -0.001556 0.003717 -0.016932 -0.000686 -0.001020 -0.000096 -0.000004 -0.000006 -0.031994 -0.009259 -0.000001 -0.016201 -0.002035 -0.000006 0.000027 -0.001386 -0.000051 0.000021 0.000618 0.003847 0.000018 0.002109 -0.000035 -0.000009 0.000012 -0.025260 -0.034968 -0.028490 0.000043 0.004448 -0.029158 0.002810 -0.000025 -0.002028 0.000002 -0.000035 -0.000023 -0.007345 0.000063 0.000034 -0.010553 -0.012508 -0.006262 -0.000058 -0.000045 0.009418 0.008056 -0.000016 -0.010196 -0.000387 -0.053294 -0.000110 0.000007 -0.000008 -0.000020 -0.001190 0.000036 -0.000228 -0.000036 -0.000614 0.000213 -0.000044 0.000486 -0.002238 0.000002 -0.000972 -0.009174 -0.040087 0.010251 -0.000031 -0.003711 0.004759 0.000002 -0.000016 0.000428 -0.014986 -0.000028 -0.057452 0.000372 -0.001124 -0.055259 -0.006312 -0.000038 -0.079306 -0.011074 0.000009 -0.000007 -0.052089 -0.007449 -0.001688 -0.000008 -0.000179 -0.029992 -0.036377 -0.000002 -0.000004 0.001699 -0.011936
-0.000014 -0.000045 -0.000033 -0.000047 0.000013 -0.000038 -0.000006 0.000014 -0.000029 -0.000020 -0.000030 -0.000010 -0.002885 -0.000013 -0.000034 -0.000035 0.000006 -0.002928 -0.000044 -0.000019 -0.000007 0.000004 -0.000079 -0.000022 -0.000048 -0.000033 -0.000020 -0.000005 -0.000021 -0.000129 -0.000015 -0.000011 -0.000062 0.000008 -0.000037 -0.000020 0.000015 -0.000012 -0.000035 -0.000002 0.000024 -0.000106 0.000014 -0.000004 0.000032 -0.000062 0.000049 -0.000003 -0.000127 -0.000029 -0.000007 -0.000008 -0.000041 0.000049 0.000059 -0.000034 -0.000019 -0.003226 -0.000026 -0.000091 -0.000169 -0.000045 -0.000004 -0.000003 -0.000028 -0.000018 -0.000020 -0.000020 -0.000031 -0.000055 -0.000016 -0.000120 -0.000109 -0.000027 0.000041 -0.000024 -0.000018 -0.000031 -0.000072 -0.000013 0.000003 -0.000004 0.000005 -0.000029 0.000001 -0.000025 -0.000028 -0.000013 0.000036 -0.000025 0.000012 0.000016 -0.000016 -0.000007 -0.000019 -0.000155 -0.000028 -0.000079 0.000004 0.000005 0.000002 -0.000021 0.000010 0.000005 0.000010 -0.000041 0.000031 -0.000087 -0.000057 0.000033 -0.000044 -0.002971 0.000011 -0.000078 -0.000073 -0.000004 -0.000016 0.000008 -0.000048 0.000023 0.000001 -0.000002 -0.000121 -0.000030 0.000005 0.000007 -0.000042 0.000026
0.063101 -0.022798 -0.000023 -0.074340 -0.000012 0.000219 -0.142454 -0.000017 -0.039028 0.025644 0.004729 -0.000075 -0.104284 -0.008708 -0.000054 0.001936 -0.002599 -0.095874 -0.000106 -0.000091 -0.119351 0.041298 -0.146242 0.000047 -0.199228 -0.000021 0.000013 0.000001 0.000069 -0.016822 -0.315197 0.011044 0.024498 -0.049508 -0.003993 -0.000682 -0.000068 -0.000051 0.342238 -0.001361 -0.000005 -0.016428 -0.004023 -0.000007 0.000042 -0.068657 -0.000055 -0.000004 -0.000610 -0.136289 -0.000005 -0.287504 -0.000022 0.000007 -0.000014 -0.009146 0.247396 -0.253043 0.001065 0.039733 -0.346053 -0.287245 -0.000035 -0.033968 -0.000192 -0.000044 -0.000005 -0.099748 0.000010 0.000030 0.065671 -0.040613 -0.065217 0.018807 -0.000011 0.173796 0.005884 -0.000015 -0.381737 -0.001551 0.053616 -0.000167 0.000232 0.000020 -0.000002 -0.001597 0.106148 -0.006432 -0.000023 -0.095357 0.000035 0.000023 0.002681 0.178237 0.000015 -0.001043 -0.124271 -0.264696 0.132753 -0.000097 0.004773 0.082266 0.000004 -0.000012 -0.003171 0.208304 0.000015 -0.268589 0.000364 -0.010001 0.359753 -0.033011 0.000116 0.615106 0.103650 0.000080 -0.000004 0.026117 0.198153 -0.122753 -0.000005 -0.001120 -0.606533 0.010883 -0.000054 0.000002 0.047251 0.021240
0.000419 0.002575 0.000044 -0.010505 -0.000049 -0.000836 0.002033 0.000025 -0.004147 -0.000934 -0.002109 0.000010 -0.036861 0.002506 -0.000014 0.000335 0.000405 0.009051 -0.000020 -0.000008 -0.016252 0.004303 0.015377 0.000038 -0.059416 -0.000027 0.000014 -0.000007 0.000057 0.020313 -0.003272 0.005974 -0.056011 0.003419 -0.001452 0.004993 0.000027 -0.000005 -0.029851 0.000766 -0.000012 -0.004427 -0.000341 0.000001 -0.000003 0.001282 -0.000041 -0.000002 0.000709 -0.016214 -0.000001 -0.007297 -0.000016 0.000004 -0.000002 -0.013265 0.001163 -0.059638 0.000684 0.015459 -0.029860 -0.012809 -0.000023 0.000618 -0.000081 -0.000054 0.000007 -0.010918 0.000044 0.000047 -0.049930 -0.000962 0.000388 -0.000084 -0.000003 0.014585 -0.018588 -0.000037 -0.079351 0.000882 0.000345 -0.000227 -0.000010 -0.000006 0.000012 0.000516 -0.001888 -0.002088 0.000009 -0.009224 -0.001618 -0.000037 -0.000587 -0.003738 -0.000037 0.000454 -0.011596 -0.088033 0.009382 -0.000023 -0.012755 0.007036 -0.000001 -0.000027 -0.002291 -0.062567 -0.000002 -0.035621 0.000889 0.006546 -0.027649 -0.005557 0.000003 -0.046929 -0.012317 0.000029 -0.000002 0.006441 -0.015303 -0.003848 -0.000004 0.001877 -0.038632 -0.008532 -0.000010 -0.000007 -0.001411 -0.002065
0.002021 0.000877 0.000009 -0.013400 -0.000023 -0.000056 0.000466 -0.000057 0.000004 -0.019664 -0.000043 0.000001 -0.002004 -0.000031 -0.000033 0.000466 -0.000004 -0.000341 -0.000039 -0.000005 -0.002457 -0.018730 -0.003689 -0.000016 -0.031871 -0.000068 -0.000013 0.000006 -0.000012 -0.002029 -0.002458 0.001023 -0.004383 0.004444 -0.000046 0.000715 -0.000029 -0.000004 -0.000029 -0.001958 0.000006 -0.001282 -0.000023 -0.000025 0.000010 0.002235 -0.000027 -0.000019 -0.000000 0.000197 -0.000001 -0.001921 0.000003 -0.000007 -0.000024 -0.000060 -0.004603 -0.022974 -0.000006 -0.000003 -0.002096 -0.000705 -0.000010 -0.000026 -0.000021 -0.000050 0.000002 -0.001772 0.000021 0.000003 0.000067 -0.010277 -0.009748 -0.000015 -0.000028 -0.001335 -0.000009 -0.000010 -0.003442 0.001233 -0.000082 -0.000027 -0.000030 -0.000002 0.000002 -0.000025 -0.000052 -0.000050 -0.000072 -0.000022 -0.000833 -0.000000 0.003310 -0.010208 -0.000013 -0.000085 0.000001 -0.001482 -0.000230 0.000001 0.000009 -0.000017 -0.000025 -0.000009 0.000003 -0.005064 0.000011 -0.003909 -0.000023 0.000198 -0.000214 -0.001534 -0.000033 -0.002601 -0.000012 0.000008 0.000007 0.000294 -0.000040 0.000607 -0.000003 -0.000001 -0.031196 0.000005 -0.000037 -0.000025 -0.024956 -0.000020
-0.000703 -0.042496 -0.000020 0.183671 -0.000028 0.000354 0.146124 0.000006 -0.004511 -0.091675 -0.000155 0.000000 -0.095578 0.248347 -0.000028 0.002668 0.001768 -0.067082 -0.000045 -0.000003 0.250114 -0.131288 0.003304 -0.000009 -0.018470 -0.000043 -0.000007 0.000003 -0.000066 0.013163 0.286310 -0.010025 -0.125957 -0.083743 -0.001169 -0.000395 -0.000063 -0.000039 -0.187916 -0.007404 -0.000006 -0.004171 0.000784 -0.000004 -0.000003 0.001631 0.000058 0.000026 -0.000799 -0.025740 0.000004 0.255641 -0.000044 0.000167 -0.000002 0.009186 0.037177 -0.278962 0.000088 0.106007 -0.209288 0.500004 0.000036 0.052350 -0.000050 -0.000006 -0.000039 -0.005073 0.000001 -0.000003 0.400598 -0.007902 0.021760 -0.036594 -0.000005 -0.038421 -0.024278 -0.000022 -0.024862 -0.000361 0.000047 0.000064 -0.000009 -0.000001 0.000129 0.000210 0.025368 -0.022034 0.000020 -0.004808 -0.000105 0.000020 -0.000463 -0.029802 -0.000012 0.001519 0.403447 0.247196 -0.016579 -0.000003 -0.016634 -0.026576 -0.000001 0.000003 0.000825 -0.135872 -0.000006 -0.185367 -0.000318 0.015377 0.242655 -0.021964 0.000004 0.041023 -0.140137 0.000002 0.000006 -0.035166 0.070568 -0.237707 -0.000005 0.000027 -0.310557 -0.054823 -0.000010 0.000003 -0.065211 0.005918
0.000474 0.009118 -0.000064 -0.065516 -0.000032 0.000437 -0.002391 0.000026 -0.064212 -0.112690 -0.000561 -0.000040 -0.060912 -0.004579 -0.000211 0.000371 -0.000739 0.012295 -0.000058 0.000018 0.022246 -0.053974 -0.173093 0.000010 -0.095085 -0.000004 -0.000002 -0.000005 -0.000053 0.005596 -0.000381 0.007631 -0.257405 -0.000420 -0.000720 0.004729 0.000010 -0.000074 -0.125508 0.034054 0.000029 0.010884 0.001207 0.000013 -0.000006 0.002314 -0.000077 -0.000071 0.000596 -0.049677 -0.000001 -0.002518 -0.000021 -0.000042 -0.000032 -0.010362 0.069350 -0.076625 0.000026 -0.011291 -0.113514 0.001795 0.000001 -0.073515 -0.000034 0.000063 0.000005 0.001718 0.000010 0.000055 -0.000663 0.028314 0.083658 -0.000019 -0.000006 0.064613 -0.042620 -0.000048 -0.171872 -0.001549 0.000043 -0.001046 -0.000008 -0.000035 -0.000133 0.000684 -0.000115 0.000005 0.000009 0.015602 0.000210 -0.000023 0.001023 0.063823 -0.000020 0.000238 -0.010000 -0.155177 0.001232 -0.000017 -0.014020 -0.001236 -0.000009 0.000004 -0.000083 -0.261123 0.000018 -0.063384 -0.000145 -0.002932 0.003346 -0.088068 -0.000059 -0.200628 0.248200 0.000041 -0.000011 0.005514 -0.008436 -0.015518 -0.000013 -0.000149 -0.139752 -0.023729 0.000009 -0.000015 -0.001654 0.033089
0.000855 0.593109 -0.000043 0.247685 -0.000024 0.000196 -0.063844 0.000018 -0.017316 0.018651 -0.000923 -0.000028 0.040288 -0.069397 -0.000313 0.001499 0.000988 -0.033089 -0.000030 0.000018 -0.063000 -0.120136 0.070082 0.000120 -0.350271 -0.000053 -0.000020 -0.000001 -0.000007 -0.008019 0.184600 -0.003829 -0.200682 -0.000034 -0.000429 -0.001834 -0.000021 0.000053 0.407358 0.028106 0.000031 -0.001982 -0.001019 -0.000008 0.000031 0.083824 0.000019 -0.000034 -0.000603 -0.087102 0.000021 -0.250969 -0.000029 0.000022 0.000034 0.007837 0.413253 -0.235394 0.000039 -0.008527 -0.131042 0.104500 0.000019 0.207997 0.000037 -0.000077 -0.000045 -0.037731 0.000043 -0.000036 0.071701 -0.072307 0.159731 0.003919 0.000005 -0.013095 0.341467 -0.000004 -0.279040 -0.000246 0.000038 0.000359 -0.000024 -0.000008 0.000034 -0.001734 -0.053080 0.006646 -0.000051 -0.006867 -0.000411 -0.000001 0.000232 -0.033823 0.000005 0.000855 -0.022388 -0.204536 0.264228 -0.000014 0.025692 0.011221 -0.000011 -0.000013 0.001416 -0.281381 0.000016 -0.212005 0.000267 0.017114 0.102852 0.013330 0.000030 -0.185056 0.103849 0.000043 -0.000011 0.038839 -0.242799 0.007080 0.000014 -0.000054 -0.270049 -0.051772 -0.000007 0.000012 0.028538 0.159654
-0.000686 -0.099845 -0.000011 -0.003574 -0.000002 -0.000106 -0.249758 -0.000023 0.053557 0.044969 -0.000064 0.000026 -0.179958 0.026988 -0.000144 -0.001794 -0.001619 0.051941 -0.000037 -0.000028 0.096867 0.003720 -0.104452 -0.000001 -0.113726 -0.000008 -0.000004 -0.000009 -0.000042 -0.000108 -0.092877 0.005576 -0.168772 -0.000192 0.000868 -0.000358 -0.000008 -0.000000 0.182836 -0.002341 -0.000000 -0.008322 -0.002698 -0.000001 -0.000005 -0.019163 -0.000167 -0.000033 -0.000311 -0.002459 -0.000004 -0.274641 -0.000033 -0.000021 0.000001 -0.021913 -0.071826 -0.156360 -0.000778 -0.061721 -0.005536 0.116905 -0.000038 -0.033193 0.000103 -0.000043 -0.000066 0.044118 -0.000032 -0.000077 -0.101302 0.012390 -0.021289 0.352257 -0.000044 0.151265 0.083318 -0.000032 0.072099 0.000686 -0.000030 -0.000123 -0.000038 0.000000 -0.000005 -0.000147 -0.001066 -0.000230 -0.000086 0.016255 0.000580 -0.000026 0.000294 0.134793 -0.000037 -0.000858 0.117797 -0.205206 -0.099351 -0.000038 -0.001801 -0.000095 0.000002 0.000012 -0.002839 0.386274 -0.000005 -0.149866 -0.000237 -0.006413 -0.119497 -0.008116 0.000007 -0.398422 -0.063220 -0.000008 0.000022 -0.078126 0.157307 -0.108909 0.000000 0.000328 -0.200481 -0.064584 0.000002 -0.000001 0.001620 -0.002708
-0.000039 -0.000056 -0.000016 -0.100714 -0.000011 -0.000008 0.000001 0.000057 -0.000034 -0.000013 -0.000005 -0.000003 -0.000031 -0.000010 -0.000014 -0.000002 -0.000003 0.000004 -0.000010 -0.000001 -0.000037 -0.000016 -0.000075 0.000003 -0.042359 0.000004 -0.000009 -0.000001 -0.000005 -0.000027 -0.000009 -0.000002 -0.104460 -0.000009 -0.000018 0.000003 -0.000006 -0.000009 -0.000009 0.000008 -0.000001 -0.000093 -0.000002 0.000003 -0.000000 -0.000004 0.000000 -0.000001 -0.000004 -0.000006 -0.000012 -0.000001 -0.000009 0.000007 -0.000002 -0.000035 -0.010814 -0.126914 -0.000002 -0.000016 -0.059211 -0.000160 0.000006 -0.000010 -0.000008 -0.000015 -0.000007 -0.000019 -0.000042 -0.000009 -0.000007 -0.024400 -0.000015 -0.000012 0.000004 -0.000042 -0.000026 -0.000004 -0.093776 -0.000000 0.000012 0.000001 -0.000003 -0.000001 -0.000006 -0.000002 -0.000000 -0.000020 0.000000 -0.000000 -0.000001 -0.000001 -0.000007 -0.000018 -0.000030 -0.000014 -0.000002 -0.182434 -0.000005 -0.000009 0.000002 -0.000021 0.000013 -0.000001 0.000004 -0.135823 0.000000 -0.065285 -0.000002 0.000031 -0.000009 -0.000016 -0.000005 -0.007664 -0.000002 -0.000002 -0.000008 -0.000067 -0.000003 -0.031821 0.000007 -0.000019 -0.045965 -0.000010 -0.000000 -0.000001 -0.000042 -0.000023
0.001867 -0.157075 -0.000010 0.001940 -0.000017 0.001218 0.028197 -0.000020 0.000692 -0.007299 0.002324 0.000009 -0.083399 -0.074959 -0.000283 0.000199 0.000178 -0.001990 -0.000022 -0.000016 -0.002224 0.003609 0.001369 -0.000014 -0.037723 -0.000018 -0.000011 0.000004 0.000006 -0.009487 -0.034749 0.004313 -0.018114 0.000899 0.000385 0.005189 0.000107 -0.000001 -0.023809 -0.007523 0.000016 0.002276 0.006087 -0.000009 -0.000011 0.011593 0.000088 0.000007 -0.000072 -0.006941 -0.000005 -0.080682 -0.000008 -0.000101 -0.000014 0.016074 0.005331 -0.060972 0.000081 0.006537 -0.029829 -0.000796 -0.000029 0.059005 0.000021 -0.000026 0.000003 -0.006058 0.000011 -0.000023 0.009816 -0.008523 -0.000791 0.000167 -0.000020 -0.005705 0.003678 0.000082 -0.093211 0.001173 0.000031 0.000045 0.000000 -0.000003 -0.000019 -0.000843 -0.003406 -0.001950 0.000012 -0.004211 0.002109 -0.000016 -0.000011 -0.005648 -0.000023 0.002541 -0.016031 -0.183483 0.002728 0.000165 -0.002829 0.006270 0.000038 -0.000005 0.002529 -0.014674 0.000010 -0.049000 0.001179 0.012736 0.006491 -0.032082 0.000008 -0.121937 -0.013619 -0.000027 0.000002 -0.023353 0.020688 -0.023627 0.000105 0.000031 -0.072248 0.017079 0.000003 0.000002 -0.000792 -0.009927
-0.056027 -0.116609 -0.000002 -0.123785 -0.000013 0.000819 -0.043909 -0.000006 -0.029632 0.045778 0.003190 0.000017 -0.154332 -0.083829 0.000093 0.000700 -0.000026 -0.127721 -0.000092 0.000066 0.025742 0.092612 0.107055 0.000089 -0.069368 -0.000023 -0.000007 -0.000012 -0.000043 0.001698 -0.110965 0.006076 -0.352262 0.143527 0.003965 -0.002243 0.000009 0.000004 0.118411 -0.105116 -0.000007 -0.028699 0.003109 -0.000044 0.000021 -0.031456 0.000000 -0.000000 -0.000172 0.173534 0.000014 -0.114321 0.000005 0.000005 0.000023 -0.077589 -0.192881 -0.052371 0.000009 -0.010704 0.116091 -0.248670 -0.000094 -0.014506 -0.000007 -0.000034 0.000010 0.032279 0.000011 -0.000066 -0.158890 -0.144613 -0.350311 -0.138371 -0.000131 -0.074709 0.124072 -0.000023 -0.065435 -0.001538 0.000229 0.000238 -0.000046 -0.000018 -0.000026 -0.002050 -0.049430 0.031356 -0.000173 0.050814 -0.001603 0.000002 0.001363 -0.017543 -0.000182 -0.000664 0.168014 -0.494564 -0.040605 0.000048 0.019408 0.006859 -0.000027 -0.000012 0.000260 0.688812 0.000142 0.077195 0.000017 -0.017132 0.058310 -0.036787 0.000190 -0.317396 -0.033636 -0.000041 -0.000015 0.074165 0.136495 -0.038551 0.000004 -0.000218 -0.244771 -0.017157 -0.000016 0.000016 0.013255 0.044353
0.000018 -0.000096 -0.000005 -0.000018 0.000002 -0.000004 -0.000013 -0.000001 0.000001 -0.000024 -0.000019 -0.000010 -0.000022 -0.000011 -0.000017 -0.000036 0.000001 -0.000022 -0.000006 -0.000020 -0.000652 -0.000054 -0.000040 -0.000002 -0.000097 -0.000004 -0.000007 0.000001 -0.000021 -0.000145 -0.000007 -0.000004 -0.000204 -0.000023 -0.000031 -0.000020 -0.000011 -0.000003 -0.000005 -0.000008 -0.000005 -0.000031 -0.000028 -0.000007 0.000010 -0.000015 -0.000004 -0.000048 -0.000001 -0.000012 -0.000009 0.000017 -0.000014 -0.000013 -0.000021 0.000003 -0.000005 -0.000030 0.000005 -0.000023 -0.000016 -0.044480 -0.000048 -0.000028 -0.000004 -0.000017 -0.000025 -0.000023 -0.000012 -0.000040 -0.000011 0.000001 -0.000011 -0.000022 -0.000008 0.000002 0.000010 -0.000044 -0.000201 -0.000007 0.000004 -0.000002 -0.000003 0.000002 0.000005 -0.000026 -0.000002 0.000000 0.000001 -0.000010 -0.000021 -0.000026 -0.000008 -0.000108 -0.000047 -0.000011 -0.000031 -0.000032 -0.000014 0.000005 -0.000015 -0.000035 0.000021 -0.000003 0.000002 -0.000068 -0.000015 -0.000017 -0.000095 -0.000008 -0.000029 -0.000034 -0.000014 -0.000006 -0.000046 -0.000030 -0.000012 -0.000162 -0.000023 -0.000008 -0.000007 -0.000003 -0.000106 -0.000185 -0.000007 0.000002 -0.000007 0.000001
-0.000071 0.000069 -0.000005 0.000213 -0.000009 -0.000028 0.000017 -0.000001 0.001170 -0.007680 -0.000073 0.000007 -0.030165 -0.000170 -0.000145 -0.000047 -0.000261 -0.009150 -0.000122 0.000050 -0.042568 -0.026889 -0.002867 -0.000070 -0.026321 -0.000000 -0.000012 -0.000001 -0.000002 -0.000696 -0.000009 -0.000272 -0.008665 0.000011 0.000092 -0.000020 0.000004 0.000025 0.000031 -0.000037 -0.000034 -0.000091 0.000037 -0.000008 0.000008 -0.000128 -0.000124 -0.000016 0.000046 -0.000128 0.000006 -0.000017 -0.000011 -0.000033 -0.000016 -0.000132 -0.000136 -0.015560 0.000288 0.000059 -0.028114 0.000059 -0.000020 -0.000071 -0.000039 -0.000013 -0.000006 -0.000068 0.000026 -0.000066 -0.000452 -0.014912 -0.029620 0.000171 -0.000033 -0.000028 0.000070 -0.000018 -0.008557 -0.000061 0.000114 -0.000003 -0.000018 -0.000002 0.000107 -0.000027 -0.000020 0.000070 -0.000056 -0.036922 -0.000145 -0.000045 -0.000062 -0.026960 -0.000002 -0.000132 -0.000012 -0.045318 0.000115 -0.000013 -0.002782 -0.000848 0.000008 -0.000004 -0.000037 -0.059474 0.000012 -0.014032 0.000027 0.000218 -0.028143 -0.000023 -0.000050 -0.052419 -0.000172 -0.000029 0.000016 -0.010343 -0.007614 -0.000294 -0.000007 0.000024 -0.008010 0.010114 -0.000013 -0.000008 -0.000834 -0.028438
0.084432 0.466604 -0.000032 0.146868 -0.000020 0.000371 -0.098718 -0.000010 0.046770 0.021174 0.052806 -0.000048 0.000567 -0.017044 0.000034 -0.032288 0.000360 -0.102993 -0.000051 0.000132 0.036900 -0.075514 0.232193 0.000157 -0.206046 -0.000046 -0.000027 -0.000005 -0.000185 0.007250 0.015236 -0.013896 -0.221074 0.005488 0.002691 0.003910 -0.000004 -0.000033 -0.182110 -0.040779 -0.000018 0.001731 0.002312 0.000061 -0.000039 -0.046901 -0.000069 -0.000009 -0.000186 -0.083203 0.000004 -0.187497 0.000003 0.000178 0.000026 -0.040473 0.273630 -0.204697 0.000011 -0.048286 0.654049 0.017862 0.000092 0.067479 0.000024 -0.000010 -0.000005 0.117233 0.000063 -0.000138 0.033551 0.048945 -0.067295 0.238425 0.000031 -0.074049 0.039575 -0.000023 -0.039028 -0.002128 -0.000015 -0.000112 -0.000017 -0.000066 0.000002 0.000914 -0.009987 -0.039826 -0.000108 -0.027102 -0.000341 0.000052 -0.001087 -0.139742 -0.000111 0.001279 0.056445 -0.139207 0.010618 0.000054 0.018997 -0.008932 -0.000004 -0.000028 0.001262 -0.353412 0.000070 -0.561056 0.000051 0.012618 -0.122782 0.017551 -0.000081 -0.585747 -0.037933 -0.000015 0.000008 -0.108650 0.085133 -0.158157 0.000012 0.000967 -0.156052 0.021629 -0.000004 0.000005 -0.025066 -0.076055
-0.000784 -0.000466 -0.000037 -0.000638 -0.000017 0.000141 -0.002915 -0.000006 0.000017 0.000405 -0.000020 0.000245 -0.001667 0.000856 -0.000023 -0.000048 -0.000013 -0.000636 0.000101 -0.000051 -0.000268 -0.000364 -0.003092 -0.000010 -0.004153 -0.000079 -0.000007 0.000002 -0.000044 -0.000456 -0.001033 0.000427 -0.005713 -0.000008 -0.000391 0.000207 0.000113 0.000001 0.000412 -0.000508 0.000007 -0.000032 -0.001591 0.000058 -0.000117 -0.000259 -0.000047 -0.000026 -0.000055 -0.000382 0.000005 -0.002419 -0.000057 -0.000019 -0.000048 -0.003808 -0.004371 -0.001000 0.000095 -0.000030 -0.002280 0.000095 -0.000047 0.000627 0.000081 -0.000068 -0.000101 0.000087 0.000030 -0.000039 0.000420 0.000653 -0.000363 -0.000055 -0.000006 -0.000108 0.000106 0.000026 -0.007139 -0.000673 -0.000081 -0.000097 -0.000011 -0.000006 -0.000003 -0.000295 0.000263 -0.000037 -0.000026 -0.000035 -0.000416 -0.000036 -0.000540 -0.000203 -0.000054 -0.000036 -0.000241 -0.001139 -0.000405 -0.000074 -0.000274 0.000415 -0.000002 -0.000027 0.000395 -0.001451 0.000009 -0.004814 -0.000344 -0.000562 -0.000509 0.000655 0.000011 -0.004580 0.000387 0.000044 -0.000008 -0.000020 -0.002122 -0.000303 0.000025 0.000119 -0.004186 -0.000164 -0.000021 0.000004 -0.000959 0.000424
-0.000435 0.209861 -0.000010 0.043626 -0.000020 0.000009 0.299092 0.000023 0.058320 -0.049071 -0.000304 -0.000003 -0.147000 0.419376 -0.000242 -0.000047 0.000172 -0.066925 0.000141 -0.000020 0.108170 0.193224 0.042631 -0.000098 -0.255030 -0.000021 -0.000001 0.000001 0.000006 -0.000392 0.089346 -0.000040 0.011359 0.021978 -0.000030 -0.000062 -0.000021 -0.000054 0.138802 0.020514 -0.000003 -0.000213 -0.000094 0.000028 -0.000001 0.064612 0.000075 -0.000020 0.000115 -0.170868 -0.000004 0.257057 -0.000005 0.000021 -0.000015 0.003103 -0.103270 0.212602 0.000000 0.003398 -0.309222 0.177944 -0.000032 -0.129914 -0.000059 -0.000029 0.000053 0.191475 0.000010 -0.000103 0.333358 0.184572 0.075503 0.052691 -0.000014 0.125267 0.039050 0.000017 -0.010192 0.000002 -0.000089 0.000146 0.000001 0.000003 -0.000002 0.000348 0.073367 0.000156 0.000051 0.129826 0.000063 0.000003 -0.000176 0.326113 -0.000044 -0.000184 0.134139 -0.151551 0.175470 -0.000086 0.002519 0.037535 -0.000034 -0.000003 0.000071 -0.012598 -0.000022 -0.347049 0.000097 -0.002823 -0.098932 -0.002218 -0.000004 -0.608433 -0.061040 -0.000021 -0.000004 -0.032477 0.084478 0.089982 -0.000008 -0.000036 0.284062 0.039073 -0.000006 0.000003 -0.025727 -0.026344
0.002685 -0.000150 -0.000007 -0.003406 -0.000010 0.000174 0.002281 -0.000000 0.000231 -0.000221 -0.003686 -0.000065 -0.004277 -0.004466 -0.000037 -0.000987 0.000641 0.000555 -0.000077 0.000006 -0.000186 0.000573 -0.004037 0.000022 -0.006400 -0.000006 -0.000005 0.000012 0.000136 -0.000826 0.001038 -0.001080 -0.006537 -0.000139 0.005562 0.003256 0.000357 0.000036 0.001411 -0.018897 -0.000006 0.000906 -0.001176 0.000080 -0.000001 -0.000282 0.000170 0.000001 0.000094 0.000096 0.000010 -0.000688 0.000001 -0.000050 0.000001 -0.000672 -0.000833 -0.006022 0.000541 -0.000023 -0.006962 -0.001696 0.000056 -0.000210 0.000125 0.000058 -0.000058 0.000080 -0.000008 -0.000009 0.000374 0.000133 -0.001829 0.000057 0.000084 -0.002008 0.000155 0.000002 -0.007314 -0.001982 0.000129 -0.000203 -0.000005 -0.000003 0.000020 0.005866 0.003291 0.000406 -0.000029 -0.002142 -0.001293 -0.000059 0.001104 -0.004061 0.000124 0.000223 0.000000 -0.022335 0.001703 -0.000000 0.002428 -0.003722 0.000001 -0.000011 0.000393 -0.006658 0.000002 -0.006098 -0.000030 0.000056 -0.002354 -0.000316 -0.000047 -0.005276 -0.000316 -0.000002 -0.000005 -0.002684 -0.001883 -0.000865 -0.000002 0.000063 -0.008729 0.002660 -0.000008 -0.000009 -0.000045 0.000627
-0.000052 0.023171 0.000012 -0.036343 0.000016 0.000009 -0.040629 0.000004 0.000032 -0.028020 -0.000054 -0.000027 0.019176 -0.053989 -0.000018 -0.000108 -0.000015 -0.000040 -0.000068 -0.000025 -0.063641 0.017947 -0.000060 -0.000044 -0.052105 -0.000023 0.000030 -0.000001 -0.000076 -0.000312 0.005342 0.000008 -0.103126 0.000004 -0.000028 -0.000026 -0.000035 -0.000005 0.018807 -0.000010 0.000013 -0.000079 -0.000022 0.000006 0.000039 -0.000054 -0.000010 -0.000020 0.000003 0.011251 -0.000000 0.000022 -0.000013 0.000009 -0.000019 -0.000089 -0.000018 -0.128229 0.000038 0.000011 -0.093489 -0.000005 -0.000004 -0.000023 -0.000004 -0.000029 -0.000026 -0.000046 0.000023 -0.000054 -0.056423 -0.052461 -0.000083 -0.000049 0.000015 0.002096 0.044420 -0.000053 -0.077898 -0.000055 -0.053644 0.000042 -0.000022 -0.000011 0.000039 -0.000017 -0.036047 0.000006 -0.000014 0.008803 -0.000010 -0.000036 -0.000039 -0.000033 -0.000067 -0.000088 -0.041542 -0.047407 -0.000023 -0.000023 -0.000057 0.000024 0.000006 -0.000020 0.000011 -0.090204 -0.000050 -0.053448 -0.000005 0.000056 -0.053975 0.054563 -0.000086 -0.066053 -0.000025 0.000010 -0.000003 -0.053966 -0.059576 -0.052610 0.000036 0.000002 -0.068537 0.000025 -0.000009 -0.000005 -0.000005 0.001181
0.000003 -0.087533 0.000002 -0.229726 0.000005 0.000005 0.081481 0.000002 -0.063224 0.051475 -0.000055 -0.000005 -0.105355 -0.168496 -0.000040 -0.000031 -0.000008 -0.001892 -0.000006 -0.000017 -0.093720 0.319307 0.180350 -0.000015 -0.187242 0.000009 0.000003 -0.000004 -0.000011 -0.000060 0.099235 -0.000000 -0.098098 -0.205090 0.000015 -0.000017 -0.000003 0.000059 0.060383 -0.027779 0.000011 -0.030787 -0.000019 -0.000006 0.000006 -0.000048 0.000008 -0.000015 0.000003 0.084341 -0.000001 0.003115 -0.000011 -0.000029 0.000005 0.010511 0.214347 0.303551 -0.000002 0.121020 -0.107429 0.082707 0.000017 -0.114755 -0.000004 0.000007 -0.000022 0.000845 0.000005 -0.000039 0.130430 0.031236 -0.017487 -0.000335 0.000003 0.093267 0.113390 -0.000010 -0.227237 -0.000050 -0.000010 -0.000004 0.000008 -0.000004 -0.000009 -0.000006 -0.000003 -0.000001 -0.000057 0.085573 -0.000003 -0.000006 -0.000060 0.117595 -0.000030 -0.000114 0.160652 0.210295 -0.030844 -0.000017 0.036364 0.005033 -0.000007 -0.000008 -0.000013 0.128802 -0.000035 0.052161 -0.000015 0.046469 0.136448 0.008197 -0.000011 -0.065286 0.175207 -0.000007 -0.000004 -0.000011 0.210602 -0.104691 0.000002 -0.000027 -0.008023 -0.013151 0.000000 -0.000005 0.030572 0.033844
-0.000264 -0.000245 -0.000016 -0.000042 -0.000024 -0.000083 -0.000207 -0.000041 -0.000122 -0.000155 -0.000430 -0.000005 -0.000325 -0.000106 0.000035 -0.000263 -0.000208 -0.000010 -0.000004 -0.000035 0.000007 0.000077 -0.000257 -0.000007 -0.000325 -0.000023 0.000007 0.000009 -0.000036 -0.000337 -0.000082 -0.000029 -0.000324 -0.000089 -0.000034 0.000091 -0.000040 -0.000010 0.000006 0.000059 -0.000029 -0.000104 -0.000005 0.000001 0.000027 -0.000012 -0.000006 0.000005 -0.000031 -0.000176 0.000008 -0.000414 -0.000032 0.000015 -0.000010 -0.000200 -0.000021 -0.000614 -0.000000 0.000012 -0.001738 -0.000003 -0.000006 0.000024 -0.000013 -0.000017 -0.000048 -0.000056 0.000036 -0.000017 -0.000036 -0.000004 -0.000100 -0.000107 0.000065 0.000005 0.000069 -0.000085 -0.000447 -0.000216 0.000040 -0.000146 -0.000012 -0.000001 -0.000012 -0.000011 0.000002 0.000018 -0.000009 -0.000061 -0.000021 -0.000030 -0.000051 0.000038 -0.000057 -0.000196 -0.000144 -0.000108 0.000001 -0.000008 -0.000056 -0.000299 -0.000023 -0.000007 -0.000048 -0.001783 0.000003 -0.000606 -0.000050 0.000024 0.000015 -0.001547 -0.000038 -0.000344 -0.000203 -0.000039 -0.000011 0.000002 0.000113 -0.000008 -0.000002 -0.000019 -0.000570 0.000074 -0.000001 -0.000020 -0.000126 0.000026
-0.000135 -0.000233 -0.000005 -0.000025 0.000003 -0.000008 -0.000005 -0.000003 -0.000010 0.000022 -0.000014 -0.000012 -0.000108 -0.000028 -0.000113 -0.000002 -0.000007 -0.000019 -0.000053 -0.000003 -0.000220 0.000012 -0.000001 -0.000005 -0.000079 0.000003 0.000009 0.000002 -0.000006 -0.000017 -0.000086 -0.000027 -0.000087 -0.000043 -0.000002 -0.000047 -0.000020 -0.000003 -0.000078 -0.000036 0.000001 0.000022 -0.000021 -0.000003 -0.000008 -0.000054 -0.000056 -0.000003 -0.000029 -0.000038 0.000002 -0.000002 -0.000012 -0.000034 -0.000015 -0.000082 0.000011 -0.000267 0.000002 -0.000079 -0.000107 -0.000007 -0.000010 -0.000183 -0.000009 -0.000018 -0.000012 -0.000017 -0.000030 -0.000011 -0.000002 -0.000111 -0.000103 -0.000069 -0.000009 -0.000050 -0.000028 0.000003 -0.000132 -0.000114 -0.000027 -0.000020 -0.000015 0.000005 -0.000045 -0.000002 -0.000008 -0.000001 -0.000001 -0.000008 0.000001 -0.000027 -0.000019 -0.000012 -0.000028 -0.000096 -0.000002 -0.000031 0.000003 -0.000012 -0.000029 -0.000010 -0.000004 -0.000006 -0.000033 -0.003042 -0.000013 -0.000081 -0.000023 -0.000030 -0.000015 -0.000106 0.000000 -0.000169 -0.000013 -0.000004 0.000008 -0.000069 -0.000001 -0.000026 -0.000002 0.000013 -0.000114 -0.000011 0.000001 -0.000004 0.000031 -0.000000
0.079008 -0.091430 -0.000023 0.110151 0.000006 0.000364 0.150743 -0.000020 -0.019584 -0.015706 0.000927 -0.000018 0.174213 0.302925 -0.000175 0.000211 -0.001383 0.019805 -0.000038 0.000138 0.174716 -0.233169 -0.171098 0.000061 -0.439840 -0.000017 0.000011 0.000001 0.000000 -0.015782 0.355571 -0.008257 -0.104854 0.031066 0.000275 -0.000626 0.000028 0.000106 0.093280 -0.001629 0.000012 0.010464 -0.000818 0.000004 0.000012 -0.018552 -0.000100 -0.000034 0.000519 0.024797 -0.000002 0.040689 0.000020 0.000024 0.000040 0.124491 0.200716 -0.421338 -0.000256 0.022315 -0.266618 0.044854 0.000077 0.170568 -0.000260 -0.000023 0.000040 -0.075706 -0.000058 0.000081 0.218861 -0.242969 0.157105 -0.133656 0.000033 0.104100 0.132201 0.000068 -0.150159 -0.000560 -0.000201 0.000019 0.000269 0.000017 -0.000100 0.001158 0.023653 0.035265 -0.000063 -0.020510 -0.000148 -0.000083 0.000137 0.068499 -0.000190 0.001962 0.015674 0.538180 -0.001934 0.000040 0.008497 0.013812 -0.000015 0.000015 -0.001948 -0.247479 -0.000137 -0.288437 0.000212 -0.023363 0.165261 -0.034843 -0.000053 0.082602 -0.087226 -0.000011 -0.000013 -0.065965 0.320545 -0.048481 0.000003 0.000488 -0.140199 -0.028450 -0.000011 -0.000023 -0.037779 -0.131256
-0.000014 -0.000107 -0.000006 -0.000012 0.000005 0.000002 0.000008 -0.000009 -0.000033 0.000015 -0.000064 0.000007 -0.000068 -0.000983 0.000004 -0.000025 -0.000010 -0.000018 -0.000026 0.000000 0.000011 -0.000019 -0.000060 -0.000002 -0.000056 -0.000003 0.000003 -0.000005 -0.000029 -0.000116 -0.000019 -0.000017 -0.001037 -0.000022 -0.000040 -0.000008 -0.000016 0.000001 -0.000010 -0.000012 0.000006 -0.000036 0.000001 -0.000003 0.000003 -0.000042 -0.000053 -0.000010 0.000002 -0.000057 -0.000006 -0.000990 -0.000005 -0.000007 -0.000014 -0.000076 -0.001054 -0.000026 -0.000009 -0.000019 -0.000096 0.000001 -0.000029 -0.000027 -0.000025 -0.000006 -0.000043 -0.000025 0.000017 -0.000011 0.000006 -0.000018 -0.000032 -0.000040 -0.000003 -0.000002 -0.000024 -0.000023 -0.001088 -0.000019 0.000002 -0.000053 0.000000 -0.000004 -0.000013 -0.000012 0.000004 0.000006 -0.000002 -0.000049 -0.000004 -0.000003 -0.000035 -0.000033 -0.000060 -0.000010 -0.000015 -0.000008 -0.000002 0.000008 -0.000026 -0.000013 -0.000018 -0.000002 -0.000031 -0.000040 -0.000001 -0.000037 -0.000007 -0.000990 -0.000020 -0.000020 -0.000007 -0.001065 -0.000065 -0.000008 -0.000011 0.000008 -0.000016 -0.000002 -0.000004 -0.000008 -0.000043 0.000006 0.000003 -0.000003 0.000009 0.000059
-0.081880 -0.103485 -0.000006 -0.046103 -0.000028 0.001060 0.099713 0.000001 0.031477 -0.058320 -0.001545 -0.000065 -0.030904 0.177063 -0.000293 -0.006500 0.003857 -0.100934 -0.000036 -0.000077 0.098666 0.078991 0.314458 -0.000063 -0.139866 -0.000034 0.000016 0.000012 0.000088 0.005065 0.273209 -0.004310 -0.339215 0.004229 -0.001485 -0.002145 -0.000008 0.000010 0.026572 -0.024846 0.000021 0.001513 -0.001550 0.000014 0.000019 0.009503 0.000179 0.000015 0.001187 0.025503 0.000012 0.174568 -0.000005 -0.000008 -0.000003 0.042114 0.192417 -0.189561 -0.000237 -0.049446 -0.226027 -0.059238 -0.000033 0.023023 -0.000066 0.000051 0.000045 0.026139 -0.000012 -0.000103 0.052372 0.142457 -0.072902 0.024213 -0.000048 0.251523 0.216799 0.000006 0.169334 -0.001864 0.053181 -0.000278 -0.000014 -0.000044 0.000000 -0.001047 0.048209 0.011546 -0.000008 0.193296 -0.000896 -0.000089 0.000458 0.155375 0.000035 -0.001926 -0.538307 -0.280751 -0.110620 -0.000072 -0.016099 0.022819 0.000014 -0.000022 0.000971 -0.186614 -0.000055 0.624963 -0.000017 0.008873 0.227452 -0.012266 0.000000 0.129271 -0.047120 0.000020 0.000016 0.017282 -0.075601 0.297165 0.000000 -0.000162 -0.339403 -0.016831 0.000070 0.000002 0.049472 0.088295
0.000740 -0.170964 -0.000002 0.166512 -0.000004 -0.000533 -0.018664 -0.000003 -0.000769 -0.000544 -0.000405 0.000001 0.128475 0.221870 -0.000073 -0.001996 0.000500 -0.002305 -0.000001 -0.000007 -0.195460 0.284677 -0.127037 -0.000011 -0.284067 -0.000006 -0.000006 0.000006 -0.000030 -0.012855 -0.432271 -0.002749 0.036504 0.069874 0.003292 -0.000795 -0.000004 -0.000006 -0.269177 -0.010582 0.000006 -0.009240 -0.001045 -0.000004 0.000006 0.000722 -0.000066 -0.000004 0.000636 -0.001150 0.000007 0.073345 0.000001 0.000004 -0.000018 -0.003708 -0.149581 -0.077867 0.000005 -0.000288 -0.039715 0.121024 0.000001 0.003222 0.000096 -0.000006 -0.000004 0.058168 -0.000001 0.000042 -0.290836 0.112624 -0.274632 0.082146 -0.000005 0.118426 0.295615 -0.000002 -0.267721 -0.001529 0.000109 -0.000372 -0.000008 -0.000005 -0.000001 0.000177 0.003257 -0.000183 -0.000002 0.000303 -0.000480 -0.000001 -0.000551 0.080935 -0.000007 0.001308 -0.052990 -0.395951 -0.352362 -0.000007 -0.004651 0.009545 -0.000002 -0.000003 0.001800 -0.311819 -0.000006 -0.091759 -0.000181 -0.008278 0.536164 -0.000891 -0.000003 -0.116305 0.287999 0.000006 0.000001 0.000403 0.006378 0.038596 -0.000003 0.000251 -0.221631 0.000356 0.000000 -0.000000 -0.001015 -0.014095
-0.001609 0.004361 0.000005 -0.024037 -0.000024 0.000030 -0.014960 0.000027 0.013891 0.007241 -0.000035 -0.000061 -0.000525 -0.016391 -0.000018 0.028726 0.000011 0.034142 -0.000045 -0.000001 -0.024020 -0.034044 -0.092708 -0.000048 -0.170277 0.000012 0.000001 0.000004 -0.000048 -0.009308 0.000434 -0.000563 -0.069734 -0.074688 0.000031 0.000800 0.000006 -0.000048 -0.073458 -0.043650 -0.000016 -0.009321 0.000131 0.000003 -0.000010 -0.079141 -0.000095 0.000011 0.000014 -0.251302 0.000015 0.013029 -0.000009 -0.000005 -0.000044 0.068227 0.070043 -0.131377 0.000103 -0.001484 -0.134696 -0.035214 -0.000039 -0.035717 -0.000003 -0.000018 -0.000033 -0.120223 0.000020 -0.000033 0.013160 0.015371 0.008020 0.064513 0.000009 -0.008479 0.009958 -0.000020 -0.133888 0.002397 -0.000001 0.000867 -0.000008 0.000040 -0.000063 0.000006 0.058986 0.070378 0.000027 -0.059770 -0.001115 -0.000043 -0.001181 -0.032438 -0.000035 -0.000153 -0.053290 -0.241080 0.041610 -0.000015 -0.003268 -0.018386 -0.000003 -0.000012 -0.000069 -0.125119 0.000021 -0.117849 -0.000020 -0.012486 -0.087644 0.000520 -0.000047 -0.185554 -0.045830 -0.000006 -0.000021 -0.003251 0.018794 0.015647 0.000001 -0.000019 -0.108725 -0.004627 0.000008 -0.000002 0.093736 -0.013919
0.000639 -0.068056 0.000034 0.025149 -0.000036 0.000378 -0.047838 0.000024 -0.018452 0.119335 -0.000056 -0.000014 -0.115587 0.607653 0.000080 -0.027377 0.000121 -0.054199 -0.000027 -0.000008 0.028966 0.337454 -0.288467 -0.000082 0.171487 0.000053 0.000003 0.000002 -0.000008 -0.000727 0.106918 -0.000051 -0.306258 0.076225 -0.001311 0.000868 0.000024 -0.000084 0.269869 0.000563 0.000034 -0.000638 0.000662 -0.000058 0.000009 0.000079 -0.000060 -0.000046 0.000760 0.477756 0.000021 0.367214 -0.000014 0.000091 0.000057 0.071803 0.007879 0.031390 0.000013 0.034674 -0.384451 -0.098805 -0.000050 -0.085454 -0.000065 -0.000040 -0.000037 0.263928 -0.000001 -0.000135 -0.001369 -0.150636 -0.042629 -0.026328 0.000026 0.430057 -0.055083 0.000046 -0.319812 -0.000143 0.000013 -0.000110 0.000034 0.000027 -0.000017 -0.002577 -0.000125 -0.000199 -0.000005 -0.000829 -0.000185 -0.000059 -0.000361 0.255553 -0.000042 -0.000380 -0.070645 -0.259262 0.097754 -0.000008 -0.000231 -0.051344 0.000010 -0.000010 0.000033 -0.290133 0.000017 -0.058287 -0.000395 0.041448 0.154313 -0.002390 -0.000020 -0.360156 0.031835 -0.000069 -0.000015 -0.041677 -0.114077 -0.109436 -0.000012 0.000495 -0.079410 0.077447 -0.000010 0.000003 -0.027403 0.016955
0.081868 0.183506 0.000001 0.045596 0.000002 0.000018 -0.151690 0.000007 -0.000001 -0.020461 -0.000077 -0.000006 -0.137358 0.323289 -0.000000 -0.000016 0.000004 -0.024752 -0.000005 -0.000022 0.094606 -0.073843 0.200367 -0.000010 0.188237 0.000010 -0.000005 -0.000005 -0.000027 -0.000072 0.037650 0.000050 -0.225806 0.134173 -0.000003 -0.000019 -0.000018 -0.000001 -0.158795 -0.026414 0.000014 -0.000012 -0.000013 0.000003 -0.000000 -0.038937 -0.000029 0.000010 -0.000007 -0.174602 -0.000000 -0.161255 0.000002 -0.000009 0.000036 -0.037424 0.126681 -0.195234 0.000011 0.201362 -0.398150 0.057771 -0.000028 0.052270 -0.000015 -0.000010 -0.000043 0.026546 0.000002 0.000001 0.024916 0.250989 0.150550 -0.002460 -0.000014 0.014592 0.210752 -0.000009 -0.098428 0.000000 0.000014 -0.000041 -0.000039 0.000007 -0.000000 0.000007 -0.000004 -0.000008 0.000009 0.272661 -0.000002 -0.000034 -0.000025 0.432720 -0.000024 -0.000200 0.284573 -0.208592 -0.033448 -0.000062 0.000005 -0.036327 -0.000013 -0.000008 -0.000004 -0.286165 -0.000002 -0.211686 0.000013 0.000014 0.361597 -0.000003 -0.000031 -0.251307 0.196053 0.000016 -0.000059 0.168174 -0.271804 -0.318075 -0.000022 -0.000083 -0.141683 0.036995 -0.000006 -0.000008 -0.021410 0.042325
0.000784 0.059972 -0.000011 -0.049570 0.000011 0.000562 -0.092061 -0.000004 -0.030144 -0.030129 -0.000412 -0.000046 0.060396 -0.126990 -0.000132 -0.005577 0.000758 -0.113493 -0.000021 0.000171 -0.026949 0.189010 0.083394 0.000008 -0.102952 -0.000060 0.000026 -0.000004 -0.000146 -0.001431 -0.017403 -0.003199 -0.073664 0.001613 0.005420 0.000911 -0.000011 0.000042 -0.312487 0.023082 0.000033 -0.003853 -0.002255 0.000023 -0.000033 0.001017 -0.000110 -0.000006 0.000567 -0.208685 0.000013 -0.078532 -0.000034 0.000024 -0.000024 -0.023933 -0.310670 -0.106399 -0.000118 -0.088937 0.044644 0.175040 0.000027 -0.157025 0.000020 0.000013 -0.000045 -0.002811 -0.000011 0.000004 -0.256081 -0.298452 -0.168524 -0.101533 -0.000009 0.073292 -0.206445 -0.000039 -0.087920 -0.000838 -0.053082 -0.000115 -0.000003 0.000012 -0.000086 -0.001076 -0.006105 -0.032284 0.000026 -0.002246 0.000316 -0.000034 -0.000588 -0.261187 -0.000127 -0.000556 -0.102989 -0.342050 -0.133286 -0.000022 -0.000137 0.024636 0.000003 0.000006 -0.002585 -0.152200 0.000037 -0.031509 -0.000085 -0.001537 -0.031963 0.004668 0.000003 -0.094169 -0.107873 -0.000010 -0.000017 -0.100410 0.061128 0.163945 -0.000003 0.000130 -0.116848 -0.061440 -0.000005 -0.000019 -0.001736 -0.003860
-0.000044 -0.011087 -0.000002 0.000258 0.000038 -0.000251 -0.015996 -0.000004 0.001877 0.007630 0.004553 0.000002 -0.014325 -0.004630 -0.000071 0.003235 -0.000288 0.011981 -0.000016 -0.000018 -0.000221 0.009029 -0.003838 0.000002 -0.043123 0.000011 0.000003 0.000002 -0.000018 0.002123 0.000451 -0.000713 -0.102964 0.004309 -0.001229 -0.004682 0.000002 0.000027 -0.006778 -0.005618 -0.000008 0.017761 -0.000959 -0.000003 -0.000021 0.005003 0.000017 0.000010 -0.000008 0.014248 -0.000024 -0.079691 -0.000004 0.000000 0.000041 0.015014 -0.001673 -0.026391 -0.000166 -0.001315 -0.077111 -0.045929 0.000003 0.004984 -0.000111 0.000009 -0.000014 -0.005081 0.000029 -0.000008 -0.038054 -0.000408 0.001856 -0.000122 0.000027 -0.006239 0.004342 -0.000001 -0.118234 -0.001662 0.000007 -0.000040 0.000009 -0.000016 -0.000010 -0.001774 -0.006360 -0.024944 -0.000016 -0.019339 0.000008 -0.000017 0.001589 -0.039660 0.000017 0.001939 0.002484 -0.021700 -0.017662 -0.000055 -0.015226 0.032758 0.000008 -0.000023 -0.000029 -0.020390 0.000005 -0.069637 -0.000053 -0.004973 -0.011798 -0.009409 -0.000008 -0.012236 -0.001493 -0.000009 0.000006 -0.020252 0.011277 -0.005790 -0.000001 -0.000003 -0.056163 0.026995 0.000001 -0.000006 -0.028180 0.027260
-0.000044 0.192318 -0.000003 0.096577 0.000001 -0.000007 0.149852 0.000001 0.001057 -0.010649 0.002367 0.000003 0.216580 -0.154192 0.000003 0.002470 0.000052 -0.102159 0.000039 -0.000037 0.293096 0.202734 0.324023 -0.000069 0.000055 0.000003 0.000012 -0.000012 -0.000024 0.014376 -0.003433 0.008493 0.310086 0.046729 0.000161 0.005516 -0.000020 -0.000009 -0.002523 -0.011119 -0.000023 0.006699 0.000189 -0.000015 -0.000009 0.027514 -0.000059 -0.000008 -0.000067 -0.170609 0.000006 -0.042758 -0.000006 -0.000003 -0.000010 -0.005879 0.061399 -0.191531 -0.000079 0.008171 -0.076992 -0.011605 -0.000013 -0.009195 0.000047 0.000024 -0.000022 -0.066481 0.000008 -0.000024 0.074197 -0.119923 0.129269 -0.092014 -0.000002 0.030335 0.378853 -0.000006 -0.182653 -0.000005 0.000036 -0.000035 -0.000032 -0.000006 -0.000015 -0.000340 -0.004022 -0.029993 0.000041 0.009922 -0.000006 0.000006 0.000007 0.347185 -0.000038 -0.002879 0.284666 -0.036547 -0.068344 -0.000037 -0.010639 -0.003895 0.000029 -0.000024 0.000996 0.151159 -0.000025 -0.528432 -0.000006 -0.009870 0.123625 -0.008120 0.000115 -0.213705 0.240372 0.000024 0.000005 0.004705 -0.088534 0.186081 0.000002 0.000512 -0.242150 0.003293 -0.000015 0.000001 -0.020814 0.004502
0.001556 0.263518 -0.000067 -0.357377 -0.000030 0.000312 -0.109514 0.000002 0.104461 0.057946 -0.000172 -0.000044 -0.169272 0.402243 -0.000014 -0.000209 -0.000569 -0.022484 -0.000101 0.000006 0.234958 -0.133490 -0.117491 0.000048 0.215046 -0.000038 0.000016 0.000002 -0.000017 -0.013740 0.142562 0.001593 -0.162075 -0.428739 -0.000027 0.000465 -0.000008 -0.000003 0.231514 -0.004628 0.000004 0.009643 -0.000482 -0.000071 0.000024 0.009660 -0.000083 -0.000047 0.000422 0.030687 -0.000001 0.380141 0.000026 -0.000014 -0.000001 -0.027251 0.201632 -0.356010 0.000073 0.007252 -0.018859 0.117911 -0.000055 0.065494 -0.000022 -0.000017 -0.000033 -0.117777 0.000055 -0.000019 0.185253 -0.094198 0.287421 0.082959 0.000003 -0.045301 -0.028653 0.000006 0.197851 -0.000911 0.052352 0.000013 -0.000011 0.000001 0.000007 -0.000043 0.000005 -0.024286 -0.000029 -0.012650 -0.000769 -0.000025 -0.000033 0.037245 -0.000027 0.001763 0.133802 -0.393151 0.295807 0.000010 0.020907 -0.027608 -0.000022 -0.000015 0.000045 0.227061 -0.000017 -0.332323 -0.000037 -0.009345 0.041244 -0.047338 -0.000074 0.315727 -0.108104 0.000002 -0.000014 0.057327 0.436415 0.229301 -0.000024 0.000071 -0.446217 -0.060112 -0.000000 -0.000008 -0.001614 -0.022606
