-0.676261
-0.261001
-0.000253
-0.729858
-0.001122
-0.112748
-0.227414
-0.002885
-0.029515
-0.000348
-0.433831
-0.278468
-0.190606
-0.184160
0.569040
-0.001844
-0.338043
-0.230158
0.724760
-0.000387
0.474577
-0.185290
0.712689
1.516019
-0.308558
-0.468916
-0.905790
-0.455073
-0.163375
-0.530524
-0.004035
-0.173209
-0.003092
0.573796
-0.172685
-0.052428
-0.755491
-0.504226
-0.694287
-0.215492
-0.204946
-0.214306
0.706589
-0.001973
-0.084445
0.343093
-0.012175
-0.497454
-0.044765
-0.202235
-0.673091
-0.002832
-0.000553
0.315257
-0.001167
0.760717
-0.397755
-0.645398
-1.131890
-0.904093
-0.434881
-0.324612
-0.233069
-0.100944
