-1.270395 -0.141435 0.000155 -1.685846 -0.000921 -0.049701 -0.237505 -0.002626 -0.037164 -0.000094 -0.485146 -2.156768 -0.061379 -1.069716 -0.958180 -0.000365 -0.033087 -0.047176 -0.547354 -0.000236 0.427709 -0.722803 -0.359275 -0.477667 -0.071365 -0.839995 -0.121193 -0.045233 -0.839819 -0.920973 -0.803604 -0.056694 -0.001959 -0.330508 0.013890 0.001307 -0.366859 -0.295531 -0.214235 -0.925074 -0.185585 0.006056 -0.408681 -0.000022 -0.030496 -0.632841 -0.005011 -0.108955 -0.024158 -0.228742 0.223685 -0.002018 0.000223 -0.287834 0.000012 -0.872336 -0.916170 -0.119466 -0.207658 -0.340603 -0.471990 -0.128392 -0.691013 -0.592510
-1.049825 0.017244 -0.000051 -0.377091 0.000629 -0.012019 -0.566684 -0.002466 0.007075 -0.000083 -0.555382 -0.537263 -0.036235 -0.503032 0.397120 -0.001684 -0.066161 -0.250110 -0.446342 -0.000249 -0.996542 -0.011589 -0.316740 -0.440767 -0.103648 0.005187 -0.132518 -0.051092 -0.272784 -1.128609 -0.969505 -0.036717 0.002931 -0.637635 -0.068153 -0.005855 -0.216480 -0.077791 -0.200337 -0.467329 -0.039734 -0.317552 -0.565116 0.100177 -0.007864 -0.375499 -0.005303 -0.331114 -0.024630 -0.058875 -0.430304 -0.001875 -0.000058 -0.496291 0.000962 -0.212147 -0.572910 -0.249814 -0.530472 -0.421332 -0.155448 -0.116658 -0.318248 -0.168840
-1.490682 -0.197772 -0.000183 -0.253083 -0.000841 -0.002640 -1.797363 -0.002578 -0.012128 -0.000169 -0.366450 -0.027445 -0.008943 -0.271891 -0.304445 -0.001273 0.038861 -0.050224 -0.320851 -0.000235 -0.328701 -0.323672 0.505127 -0.126165 -0.088020 -0.765370 -0.212218 -0.072566 -0.752931 -1.158065 -0.478013 -0.072949 -0.002395 -0.771700 -0.107324 -0.030174 -0.934379 -0.521913 -0.201322 -1.237950 -0.052120 0.009028 -0.403200 -0.000002 -0.005364 -0.373233 -0.000448 -0.152463 -0.021909 -0.018871 -0.503210 -0.002316 -0.000200 -0.459451 -0.000985 -0.373459 -0.648016 -0.049709 -0.051327 -0.262972 -0.139216 -0.014664 -0.764289 -0.763452
-0.442209 0.034445 -0.000003 -0.321632 -0.000073 -0.043593 -0.240788 0.002452 -0.022042 -0.000411 -0.670252 -0.165425 -0.042798 -1.076439 -0.534513 -0.001474 -0.056357 -0.004242 -0.268076 -0.000228 -0.390017 -0.125089 -0.231461 -0.173777 0.007881 -0.470560 -0.685915 -0.012912 -0.161109 -0.259401 -0.098926 -0.014679 -0.002923 -0.336950 -0.078158 -0.038206 -0.652726 -0.470879 -0.711350 -0.599071 0.029225 -0.032550 -0.210964 0.000045 -0.041471 -1.270940 -0.002976 -0.516679 -0.024366 -0.082817 -0.478197 -0.000531 0.000031 -0.739341 -0.000880 0.486773 -0.108429 -0.046435 -0.492407 -0.323599 -0.230082 0.010677 -1.128227 -0.606767
-0.456778 -0.162653 -0.000011 -1.672496 -0.000017 -0.031793 -1.870466 -0.002646 -0.011287 -0.000028 0.065129 -1.432083 -0.100391 -0.655123 -0.317831 -0.000097 -0.006163 -0.153679 -0.205814 -0.000173 -0.304718 -0.371589 -0.178737 -0.584938 0.056574 -0.420369 -0.398987 -0.066167 -0.827015 -0.653401 -0.372787 -0.025591 -0.000088 -0.713257 0.032137 -0.017261 -0.346454 -0.352052 -0.107899 -0.411472 -0.142670 -0.069306 -0.204307 0.000012 -0.006248 0.491976 -0.003029 -0.638575 -0.025601 -0.005057 -0.566922 -0.002035 -0.000065 -0.196843 -0.000059 -1.271550 -1.663895 -0.045986 -0.494013 0.033713 -0.313527 0.062998 -0.353655 -0.293063
-0.326102 -0.128950 -0.000067 -0.234461 -0.000013 -0.019338 -0.001782 -0.000395 -0.016459 0.000658 -0.297814 -0.701665 -0.042611 -0.696453 -0.815723 -0.000182 -0.012488 -0.053701 -0.740011 -0.000278 -0.264100 -0.757864 -0.666614 -0.370372 -0.047498 -0.750645 -0.189625 -0.063957 -1.137279 -0.180262 -0.498110 0.010246 -0.002692 0.490904 0.028424 0.002500 -0.324190 0.037308 -0.295682 -1.068568 0.006706 -0.174798 -0.293790 -0.000015 0.023437 -0.573176 -0.002872 -0.324710 -0.028029 -0.050278 -0.272846 -0.001638 -0.000021 -0.163339 -0.001059 -0.074060 -0.301900 -0.115206 -0.474984 -0.175330 -0.221011 -0.088610 -0.326846 0.006507
-1.273433 -0.340984 -0.000199 -0.293224 -0.000003 -0.054866 -0.723973 -0.000849 -0.004513 -0.000177 -0.353832 -1.247277 -0.054847 -0.160048 -0.154527 -0.000058 -0.125983 -0.153228 -1.165492 -0.000192 -0.179542 -0.403595 -0.303996 -0.501973 -0.005722 -1.464254 -0.148818 -0.285122 -0.464357 -0.371745 -2.143995 -0.015618 -0.000266 -0.162771 -0.020796 -0.012575 0.077056 -0.203871 -0.274523 -0.817903 -0.106627 -0.284882 -2.752223 -0.002134 -0.068342 -0.231676 -0.003417 -0.192710 0.014087 -0.205151 0.026799 -0.002012 -0.000235 0.356890 -0.000098 -0.938167 -0.701168 -0.405970 -0.156338 -0.099323 -0.156382 -0.127998 -0.323946 -0.597825
-0.902841 -0.159344 -0.000211 -0.152266 0.000880 -0.024924 -0.787726 -0.000182 -0.017147 -0.000250 -0.139548 -0.441648 -0.098205 0.029950 -0.340562 0.000674 -0.051352 -0.040840 0.430517 -0.000251 -0.588313 -1.097973 -0.108515 -1.010421 -0.132027 -0.750889 -0.577354 -0.081525 -0.262900 -0.007929 -0.697578 -0.036106 -0.001578 -0.767934 -0.043449 0.012998 -0.321644 0.028255 -0.919164 -0.463720 -0.149102 -0.063080 -0.237189 -0.000516 -0.043377 -0.372849 -0.003154 -0.614906 -0.013448 -0.026501 -0.405347 -0.002218 -0.000116 -0.884518 0.000001 -0.257947 -0.331502 -0.216969 -0.151227 -0.116346 -0.486629 -0.105896 -0.313853 -0.155147
-0.370014 -0.078982 0.000005 -0.314505 -0.000601 -0.101407 -0.312229 -0.002628 -0.011813 -0.000066 -0.218480 -0.963357 -0.056379 -0.296704 -0.271853 -0.001134 -0.131888 -0.116521 -0.474683 0.000206 -0.369693 -0.484087 -0.586912 0.611125 -0.008562 -0.347103 -0.327252 -0.092762 0.023009 -1.002980 -0.165541 -0.009415 -0.002869 -0.227549 -0.076245 -0.003159 -0.892617 -0.133226 -0.753138 -0.544465 -0.029293 -0.269563 -0.364514 -0.100171 0.033935 -0.549800 -0.003030 -0.111446 -0.015446 -0.092343 -0.741421 -0.002009 -0.000337 -0.280515 -0.000985 -0.597854 -0.248160 0.049504 -0.411493 -0.909848 -0.084909 -0.049122 -0.251521 -0.538767
-0.429213 -0.130480 0.000004 -0.132843 -0.000021 -0.040310 -0.431772 -0.002729 -0.022793 -0.000047 -0.581110 -0.445773 -0.020277 -0.588297 -0.274916 -0.001453 -0.071652 -0.130648 -0.180224 -0.000294 -0.471217 -1.130791 -0.758539 -0.339962 -0.054343 -0.640377 -0.357496 -0.137839 -0.376801 -0.017269 -0.180627 -0.041115 -0.001159 -0.395081 -0.063505 -0.027651 -0.047960 -0.087069 -0.420608 0.080521 -0.121838 -0.079797 0.432357 -0.000005 -0.023101 -0.294894 -0.007580 -0.634410 -0.024348 -0.027638 -0.215255 0.001360 -0.000164 -1.532450 0.000049 -0.302156 -0.491661 -0.195810 -0.358782 -0.135924 -0.259597 -0.039460 -0.260802 -0.121860
