-0.121601
-0.206550
-0.023816
-0.000151
-0.256390
-0.094464
-0.020866
-0.247239
-0.352369
-0.146744
0.030863
-0.022346
-0.000211
-0.083411
0.187925
-0.250206
-0.000010
-0.000011
-0.371952
-0.281453
-0.039995
0.295246
-0.045635
-0.091006
-0.000153
-0.000027
-0.156506
-0.000120
-0.510556
-0.000010
-0.260356
-0.068190
0.011698
-0.396074
-0.000014
-0.001181
0.176665
0.024802
-0.005578
0.090615
-0.000115
-0.231688
-0.000038
-0.480619
-0.188619
-0.006787
-0.223546
-0.000014
-0.003655
-0.300127
-0.054915
-0.000016
0.101093
-0.000098
-0.087467
0.066603
-0.000082
-0.275937
-0.170169
-0.090152
0.125653
-0.101296
-0.017090
-0.082969
1.144016
-0.000283
0.073448
-0.128435
-0.955079
-0.000089
-0.154472
-0.021227
-0.000008
-0.000054
-0.000013
-0.056950
-0.275156
-0.256036
-0.147218
-0.000010
-0.227233
-0.000050
-0.578473
-0.240125
-0.000028
-0.000145
-0.000019
0.018998
-0.217608
0.037643
-0.116098
0.055057
0.076083
-0.153129
-0.213154
-0.277760
-0.453879
-0.000022
-0.403223
-0.103008
-0.280595
-0.387996
-0.081521
-0.524848
0.101607
-0.000010
-0.207882
-0.039898
-0.004957
-0.102641
-0.000014
-0.000013
-0.000058
-0.045559
-0.125824
-0.000007
-0.097071
-0.000013
-0.000008
-0.000006
-0.036907
-0.000025
-0.495551
-0.000047
0.290882
-0.596002
-0.220711
-0.092871
