0.163335 0.206197 0.096193 -0.000180 -0.123546 0.054404 0.000540 0.120619 -0.134010 0.301157 0.048384 0.037463 0.000149 0.005581 -0.309274 -0.136220 -0.000004 -0.000004 -0.179592 -0.062238 -0.316704 0.304809 -0.279963 -0.203892 -0.000121 0.000001 0.156072 -0.000058 0.098860 0.000000 0.125335 -0.086797 -0.001417 0.068907 0.000019 0.000177 -0.032689 -0.119959 -0.100735 -0.233174 -0.000089 -0.133734 0.000022 0.008515 -0.076333 -0.059379 -0.083899 -0.000006 0.070849 0.047603 0.112788 0.000008 -0.097910 0.000002 -0.079117 0.090366 -0.000016 -0.177799 -0.049522 -0.172730 -0.160033 -0.063381 -0.000698 0.105689 0.085124 0.097048 -0.186288 0.293419 -0.260252 0.000063 -0.065891 -0.206240 -0.000008 -0.000019 0.000004 -0.063348 -0.099901 -0.400284 0.129917 -0.000008 -0.373858 -0.000008 0.423526 -0.067426 0.000014 0.000148 -0.000012 0.116003 0.029624 -0.027537 -0.104459 -0.437589 -0.146782 -0.084890 -0.126692 -0.221251 -0.203366 0.000022 0.300185 -0.009484 0.044725 -0.273672 0.045370 -0.281736 -0.466408 0.000010 0.210905 0.056824 -0.011313 -0.073250 0.000011 0.000019 -0.000010 0.009016 -0.436605 0.000022 0.006333 0.000004 0.000003 -0.000012 -0.135231 -0.000006 0.241379 -0.000010 0.180417 0.215627 -0.153006 -0.116820
-0.044921 0.030746 0.008003 0.000171 -0.004147 -0.242014 0.000669 -0.196436 0.017614 0.648454 0.186871 -0.357046 -0.000039 -0.006938 0.373506 -0.223253 0.000015 -0.000001 -0.270349 -0.322344 0.231196 0.238165 0.480766 -0.091147 -0.000035 0.000009 0.046923 0.000005 0.096833 0.000004 -0.200392 -0.209014 -0.019615 0.492062 -0.000020 0.000415 0.347215 -0.197134 0.193359 0.147372 -0.000009 -0.334185 0.000006 0.207647 -0.086792 -0.108252 -0.593802 0.000021 -0.043643 -0.105191 0.002938 0.000024 -0.120462 0.000048 0.058578 0.094241 0.000096 0.173226 0.035342 -0.112111 0.079052 -0.308679 -0.009065 0.144771 -0.253326 -0.024882 0.159924 0.324229 -0.367373 0.000085 -0.389310 -0.163126 -0.000004 -0.000017 0.000006 0.373087 0.092010 0.426861 -0.045542 0.000016 -0.013221 0.000006 0.271493 0.501920 -0.000007 0.000095 -0.000004 -0.375860 -0.249047 0.100509 0.498338 0.071668 0.147960 0.068728 -0.262010 0.689434 -0.006074 0.000030 0.006065 -0.305005 0.266283 -0.084944 -0.025006 0.140152 -0.216276 0.000010 0.282140 -0.262531 0.452545 0.163427 -0.000002 0.000011 -0.000005 0.038592 0.273447 -0.000001 0.021933 -0.000004 0.000010 -0.000006 -0.125440 -0.000017 0.070655 -0.000027 0.036353 -0.209758 0.092645 -0.145063
0.000245 -0.000091 -0.000058 -0.000128 -0.000477 -0.002409 -0.000081 -0.000164 0.000091 -0.000120 -0.001480 -0.000513 -0.000009 -0.000325 -0.000366 0.000088 0.000012 0.000004 -0.000295 -0.000808 -0.000152 -0.000364 -0.000099 -0.000614 -0.000006 -0.000022 -0.000148 -0.000014 -0.000271 0.000012 -0.000162 0.000052 -0.000477 -0.000703 -0.000019 -0.000384 0.000209 0.000089 -0.000415 -0.000160 -0.000016 0.000145 0.000006 -0.000131 -0.000426 -0.000178 -0.000180 0.000004 -0.000226 -0.000086 -0.000450 0.000012 -0.001109 -0.000007 -0.000140 0.000072 -0.000011 -0.000211 -0.000270 -0.000237 -0.001011 -0.000935 -0.000435 0.000038 -0.001971 -0.000088 -0.000133 -0.000281 -0.000277 0.000026 -0.000073 -0.000515 -0.000001 -0.000001 0.000005 -0.000301 -0.000417 -0.002178 -0.000156 -0.000002 -0.000229 0.000006 -0.000579 -0.000139 -0.000006 -0.000007 -0.000010 -0.000853 -0.000795 -0.001305 -0.000131 -0.000127 -0.000192 -0.000075 -0.002001 -0.000722 -0.000831 -0.000017 -0.002400 -0.000307 -0.001424 -0.002018 -0.000663 0.000031 -0.000574 -0.000002 0.000283 -0.001172 -0.002537 -0.000524 -0.000010 0.000005 -0.000006 -0.000127 0.000160 -0.000009 0.000111 0.000008 -0.000003 -0.000016 0.000012 -0.000016 -0.001121 -0.000019 -0.000470 -0.000062 -0.001007 -0.000416
-0.000004 -0.000004 0.000012 -0.000005 -0.000005 -0.000016 0.000012 -0.000006 -0.000026 -0.000101 -0.000002 -0.000016 -0.000010 -0.000004 -0.000005 -0.000013 0.000018 0.000013 -0.000012 -0.000030 0.000006 -0.000036 -0.000013 -0.000006 0.000012 0.000003 -0.000017 -0.000003 -0.000021 -0.000004 -0.000011 -0.000008 -0.000020 -0.000094 0.000001 0.000002 -0.000016 -0.000020 -0.000054 -0.000044 -0.000016 0.000011 -0.000012 -0.000008 -0.000007 -0.000020 -0.000019 0.000011 -0.000021 -0.000083 -0.000011 -0.000001 -0.000003 -0.000016 -0.000008 0.000001 -0.000010 -0.000017 -0.000095 -0.000018 -0.000012 -0.000023 -0.000019 -0.000018 -0.000113 -0.000018 -0.000006 -0.000019 0.000000 -0.000021 -0.000001 -0.000019 -0.000020 -0.000017 0.000002 -0.000012 -0.000010 -0.000006 -0.000017 0.000021 -0.000019 0.000004 -0.000093 -0.000018 -0.000002 -0.000001 -0.000003 -0.000029 -0.000011 0.000008 -0.000018 -0.000005 -0.000046 0.000006 -0.000017 -0.000006 -0.000011 0.000005 -0.000017 0.000001 -0.000028 -0.000033 -0.000012 -0.000002 -0.000027 -0.000020 -0.000021 -0.000112 -0.000015 -0.000008 -0.000002 -0.000013 0.000009 -0.000009 0.000003 -0.000006 -0.000019 -0.000012 0.000005 0.000000 0.000002 0.000000 -0.000012 -0.000017 -0.000009 -0.000010 -0.000008 -0.000021
-0.063878 -0.742470 0.367336 0.000227 -0.753996 0.034888 -0.000738 0.109156 0.289859 -0.411400 0.338204 0.301380 -0.000065 0.322064 0.523118 -0.242850 -0.000014 0.000017 -0.952169 0.085431 -0.106022 0.382347 0.053576 0.641508 -0.000005 -0.000024 -0.607573 0.000015 0.524463 0.000003 0.144483 -0.679633 -0.015809 -0.106443 0.000011 0.000940 -0.287425 0.110507 -0.176800 0.051749 -0.000008 -0.043206 -0.000015 -0.813720 0.331822 0.065375 0.393747 -0.000003 0.073388 0.113010 -0.229713 0.000010 -0.345399 0.000033 0.256710 -0.326758 0.000031 0.037531 -0.175455 -0.182912 0.263501 -0.228721 -0.013648 -0.402533 0.079218 -0.821148 0.263865 -0.796748 -0.484237 0.000009 -0.079485 0.306960 0.000011 0.000031 -0.000021 -0.543016 -0.392603 -0.200909 0.497129 -0.000012 -1.142541 -0.000004 -0.729610 0.362044 -0.000006 0.000023 -0.000001 -0.373249 0.515813 -0.472973 0.079034 -0.873020 -0.288180 0.057167 -0.274127 -0.114808 0.221472 -0.000009 -1.060888 -0.217777 -0.709577 0.230930 0.316286 -0.111558 -0.005758 -0.000010 -0.454470 -0.886470 0.145222 0.423864 -0.000002 -0.000020 -0.000008 0.028658 -0.686873 -0.000000 0.088794 -0.000013 -0.000000 0.000001 -0.446413 0.000009 0.741949 0.000030 -0.958196 0.275851 0.034838 0.015158
0.337233 -0.241420 0.090453 -0.000010 -0.311698 0.380118 0.001171 0.177888 -0.082735 0.142416 -0.387277 0.492862 0.000022 -0.030808 -0.504979 0.067789 -0.000007 -0.000002 0.590318 -0.442448 0.085350 0.021246 -0.749226 0.099727 -0.000111 -0.000020 0.013129 0.000023 -0.678242 0.000011 0.217271 -0.147079 -0.452700 -0.434366 -0.000007 -0.000339 -0.174057 -0.184930 -0.165486 -0.611947 0.000042 0.126834 -0.000024 0.306498 0.343015 0.304918 0.607444 -0.000010 0.401994 0.052271 0.372666 0.000028 0.706194 0.000062 -0.159056 -0.348442 0.000083 0.076002 -0.195760 -0.715435 -0.350634 -0.566069 -0.001623 0.256961 -0.307207 0.608626 -0.006063 -0.367583 0.529138 0.000057 -0.098157 0.110689 -0.000014 -0.000033 -0.000013 0.030699 0.216481 0.204296 -0.153545 -0.000018 0.267363 0.000005 -0.025360 0.552204 0.000001 -0.000080 -0.000003 -0.616840 0.265933 0.722705 0.021848 -0.747199 -0.297244 -0.402642 -0.071023 -0.187637 0.160626 -0.000007 -0.115262 -0.185077 0.204899 0.564407 -0.325652 -1.324339 -0.611497 -0.000003 0.008152 0.317332 -0.320767 0.166289 0.000015 -0.000017 -0.000009 -0.035640 -0.333401 0.000013 -0.011219 -0.000001 0.000016 -0.000016 0.200768 0.000012 -0.072076 0.000001 -0.361258 -0.690316 -0.120358 0.425453
-0.000157 -0.000200 0.000005 0.000130 -0.000250 -0.000162 -0.000327 -0.000120 -0.000283 -0.000064 0.000153 -0.000087 0.000057 -0.000189 -0.000122 -0.000207 -0.000016 0.000001 -0.000150 -0.000363 -0.000099 0.000002 0.000025 -0.000010 -0.000008 0.000022 -0.000162 0.000010 -0.000087 0.000015 0.000002 0.000047 -0.000281 -0.000032 0.000009 -0.000067 -0.000059 0.000002 -0.000121 -0.000212 -0.000017 0.000033 0.000027 -0.000343 -0.000211 0.000039 -0.000160 -0.000002 -0.000105 -0.000221 -0.000034 -0.000003 -0.000143 0.000030 0.000040 0.000077 0.000023 -0.000193 -0.000115 -0.000359 -0.000430 -0.000476 -0.000110 -0.000011 -0.000407 0.000058 0.000132 -0.000089 -0.000245 -0.000003 -0.000050 -0.000038 -0.000002 0.000002 0.000006 -0.000061 -0.000395 -0.000206 -0.000255 0.000002 0.000036 0.000014 -0.000212 -0.000423 0.000015 0.000093 -0.000000 -0.000498 -0.000328 -0.000386 -0.000287 0.000027 -0.000474 0.000010 -0.000199 0.000003 0.000008 -0.000014 -0.000133 -0.000205 -0.000100 -0.000303 -0.000063 -0.000111 -0.000114 -0.000009 -0.000065 -0.000341 -0.000164 -0.000079 -0.000010 0.000014 0.000022 0.000092 0.000028 -0.000002 -0.000030 -0.000015 -0.000017 -0.000009 -0.000232 0.000041 -0.000108 -0.000009 0.000074 -0.000051 -0.000157 0.000115
0.078815 0.044143 0.145276 -0.000027 0.141083 -0.152144 0.000004 0.056758 -0.099326 0.341973 -0.001170 -0.071280 -0.000052 -0.213026 0.294199 0.034929 -0.000002 -0.000000 0.012181 0.028135 0.780376 -0.644796 0.939631 0.036831 0.000064 0.000009 0.466965 0.000005 0.093238 -0.000005 0.069622 -0.065552 0.060083 0.428223 0.000000 0.000049 -0.124242 0.272912 0.293021 -0.265945 -0.000060 0.176458 -0.000001 -0.194257 -0.131079 0.054838 0.108520 0.000000 0.373676 0.023236 -0.291994 0.000014 -0.330152 -0.000027 0.296301 0.055959 -0.000037 -0.408191 -0.036701 0.152332 -0.320474 -0.110311 0.001375 0.244101 -0.459399 -0.299147 0.083701 0.249170 0.251529 -0.000072 -0.127598 0.118666 -0.000006 0.000011 -0.000011 -0.062206 -0.317186 -0.299881 0.172097 0.000011 0.165301 0.000039 -0.185118 0.131254 -0.000001 0.000063 -0.000013 -0.501432 -0.071552 -0.026913 -0.402543 0.080005 -0.188711 0.216309 -0.260103 0.495012 -0.245983 0.000036 0.408113 0.021494 -0.343612 -0.017900 0.094818 0.099137 -0.272257 -0.000011 0.011207 0.013110 -0.184642 -0.048613 -0.000010 0.000000 0.000018 -0.013522 0.423318 -0.000003 0.036377 -0.000010 -0.000007 0.000013 -0.022906 -0.000002 -0.202652 -0.000020 0.525140 0.275636 0.098259 -0.266286
-0.000125 -0.008566 -0.001637 -0.000056 -0.002418 -0.000185 0.000368 0.001781 -0.000308 -0.004509 -0.003147 -0.000196 -0.000055 -0.003534 0.001098 0.000319 0.000000 -0.000003 -0.003526 -0.088041 -0.003948 -0.003515 0.002607 0.001261 0.000031 -0.000021 0.002555 0.000025 -0.001109 -0.000009 -0.004116 -0.007398 -0.001771 0.001870 -0.000011 -0.000795 -0.004470 0.004317 -0.002323 -0.003394 0.000011 -0.000810 0.000009 -0.003267 -0.005934 -0.000705 -0.002617 0.000001 -0.077733 -0.000579 -0.081599 0.000018 -0.080462 0.000028 -0.001550 -0.000866 0.000039 -0.002000 -0.082228 -0.000180 -0.001253 -0.002475 0.000671 0.000258 -0.087939 -0.082090 -0.000364 -0.002501 0.000165 -0.000006 -0.002213 -0.006948 0.000001 0.000025 -0.000002 -0.002923 -0.003680 -0.001121 -0.080408 0.000017 -0.002738 0.000009 -0.004260 -0.001325 -0.000010 0.000055 -0.000004 -0.009018 -0.007610 -0.082071 -0.005996 -0.002650 -0.005784 -0.000056 -0.005330 -0.003968 0.000878 0.000011 -0.000356 -0.001417 -0.007023 -0.002068 -0.006019 -0.009694 -0.003677 -0.000007 -0.001738 -0.000367 -0.075883 -0.082208 0.000022 -0.000000 -0.000016 0.003496 -0.002500 0.000002 0.000710 0.000002 0.000011 0.000020 -0.007492 0.000035 -0.005924 -0.000027 0.003122 0.000008 0.001914 -0.002410
0.114368 0.365212 0.040779 -0.000055 -0.205859 -0.186200 -0.000105 0.259191 0.106752 0.201373 -0.409106 -0.109138 -0.000129 0.026954 0.228982 -0.372606 0.000001 -0.000015 0.176784 -0.337318 0.056681 -0.190510 0.203536 0.091188 -0.000014 -0.000002 -0.274359 -0.000043 0.126096 -0.000003 0.106049 0.146523 0.200415 0.217747 -0.000005 0.000194 0.114573 0.052746 0.178742 -0.132711 0.000039 0.220269 -0.000000 0.020709 -0.304238 -0.061067 -0.335039 0.000005 0.118222 0.254438 -0.457934 0.000003 0.015123 -0.000011 0.067485 0.122173 0.000004 0.258826 -0.100492 0.407708 -0.012323 0.276503 -0.000136 -0.305978 -0.265459 -0.175905 -0.059400 0.244196 0.092016 0.000024 -0.367528 -0.238552 -0.000004 -0.000012 0.000012 -0.300983 -0.087364 -0.329152 0.074466 -0.000001 -0.187852 -0.000001 -0.176464 -0.129233 -0.000011 -0.000008 -0.000020 -0.136375 -0.435892 0.021028 0.105483 0.121601 0.166301 -0.226577 -0.205179 0.646199 -0.290881 0.000006 0.289674 0.015901 -0.032599 -0.225245 0.002137 0.123246 0.135120 0.000020 -0.010390 -0.030611 0.288945 -0.119556 -0.000014 -0.000022 -0.000024 0.058151 -0.337533 0.000003 -0.004749 -0.000010 0.000005 -0.000002 0.157476 -0.000012 -0.099575 -0.000016 -0.258972 0.130721 0.294890 -0.055253
-0.027904 -0.095715 0.114281 -0.000046 -0.258708 -0.117642 -0.000623 -0.051000 -0.060769 -0.023118 0.118397 0.059647 -0.000044 -0.181115 0.013752 -0.019230 0.000021 0.000010 -0.040759 -0.202005 -0.061455 0.078364 -0.118260 0.163180 -0.000049 0.000005 -0.220706 -0.000096 0.202123 -0.000019 -0.040573 0.073559 0.008993 -0.020265 -0.000028 -0.000413 -0.039799 -0.013298 -0.046466 0.249184 0.000033 -0.129599 -0.000008 -0.182590 0.044117 -0.219289 -0.150658 0.000011 0.138217 -0.153671 -0.080532 0.000014 -0.015754 0.000088 0.116605 -0.008452 0.000116 -0.187482 -0.061711 -0.007484 -0.202202 -0.178481 0.000389 0.086988 -0.561145 -0.208098 -0.012795 -0.037902 0.089865 0.000015 0.203591 -0.137588 -0.000003 -0.000020 0.000004 0.245254 -0.283904 0.085706 0.202094 0.000013 -0.095133 0.000012 -0.343265 0.188378 0.000023 0.000007 0.000016 -0.580279 0.033524 0.033867 0.101389 -0.055760 -0.266557 -0.095264 -0.048183 -0.358710 -0.018623 0.000010 -0.286543 -0.043060 -0.222629 0.065801 -0.160171 0.015323 -0.133061 -0.000004 -0.103267 -0.156607 0.228726 0.150254 -0.000014 -0.000003 -0.000011 0.036889 -0.023902 0.000016 -0.008739 -0.000002 0.000022 -0.000017 -0.108557 -0.000002 -0.116551 -0.000020 -0.163909 -0.206635 -0.117852 -0.039241
-0.000002 -0.000077 -0.000006 0.000002 -0.000017 -0.000007 -0.000019 -0.000016 -0.000019 -0.000003 -0.000015 -0.000007 -0.000017 -0.000420 -0.000023 -0.000007 0.000011 -0.000013 -0.000000 -0.000003 -0.000019 -0.000558 -0.000017 -0.002867 -0.000010 -0.000001 -0.000012 0.000003 -0.000005 -0.000003 -0.000004 -0.000005 -0.000022 -0.000077 0.000014 -0.000014 -0.000022 -0.000015 -0.000039 -0.000010 0.000003 -0.000007 -0.000021 -0.000304 -0.000052 0.000001 -0.000019 0.000012 -0.000000 -0.000015 -0.000005 0.000002 -0.000019 -0.000015 -0.000004 -0.000022 -0.000016 -0.000078 -0.000014 -0.000003 -0.000012 -0.000013 -0.000014 0.000000 -0.000020 -0.000006 -0.000022 -0.000009 0.000001 -0.000011 -0.000051 -0.000013 -0.000019 -0.000021 -0.000003 -0.000016 -0.000015 -0.000014 -0.000011 -0.000002 -0.000015 -0.000002 -0.000014 0.000002 -0.000011 -0.000017 -0.000012 -0.000034 -0.000132 -0.000010 -0.000003 0.000001 -0.000010 -0.000019 -0.000013 -0.000000 -0.000021 -0.000007 -0.000005 -0.000008 -0.000278 -0.000084 -0.000008 -0.000015 -0.000000 -0.000015 -0.000019 -0.000012 0.000001 -0.000008 -0.000013 0.000002 -0.000001 -0.000007 0.000002 0.000002 -0.000004 0.000020 0.000014 -0.000015 -0.000006 -0.000015 -0.000001 -0.000005 -0.000002 0.000002 -0.000022 -0.000005
0.003875 0.285870 -0.309744 -0.000012 -0.292798 -0.400918 -0.000194 -0.038981 0.305653 -0.277010 -0.288457 -0.010353 -0.000008 -0.357423 -0.477026 0.049270 0.000004 -0.000015 -0.427023 0.368776 -0.034397 -0.165579 -0.157702 -0.286339 0.000089 -0.000007 0.023502 -0.000030 -0.054323 0.000001 -0.012158 -0.266370 -0.056058 0.019336 -0.000017 -0.000795 0.094638 -0.281579 -0.672650 -0.293957 -0.000016 -0.065820 0.000004 0.065120 -0.185792 0.232940 0.165523 -0.000006 -0.201369 -0.367296 -0.509022 0.000028 -0.316230 0.000018 0.089447 -0.100842 -0.000038 -0.386662 0.008011 0.190446 -0.077480 -0.076068 -0.004292 -0.140259 -0.339659 0.370732 -0.173492 -0.030723 -0.253477 -0.000091 0.221464 -0.192571 -0.000016 0.000015 0.000011 -0.084183 -0.334650 0.023218 0.309955 0.000012 -0.211246 0.000002 -0.242377 -0.494210 0.000018 0.000020 0.000006 -0.335545 -0.315678 -0.097295 0.132147 -0.160151 -0.177107 0.418943 0.124189 -0.161639 -0.144912 0.000023 0.197366 -0.071353 -0.127393 -0.114854 -0.615111 0.031827 0.384851 0.000002 0.369893 -0.151980 -0.373510 0.326084 -0.000003 0.000005 0.000078 -0.002683 -0.342405 -0.000002 0.002731 -0.000018 0.000003 -0.000005 0.208869 -0.000001 0.023960 -0.000008 0.015946 -0.173748 -0.223323 0.094293
-0.139175 -0.096165 0.012119 0.000067 -0.012743 0.067456 0.000265 -0.031153 -0.087993 -0.154044 0.017125 -0.114457 0.000018 -0.115358 0.042094 0.062359 0.000001 0.000003 -0.073818 -0.087462 0.007022 -0.092388 0.021992 -0.085435 -0.000114 0.000010 -0.166269 -0.000064 -0.060133 0.000015 -0.003839 0.066268 0.007296 -0.101440 0.000017 -0.000458 0.080225 -0.000512 0.005667 0.024640 0.000055 0.114542 -0.000002 -0.180336 -0.234553 0.006264 -0.073065 0.000015 -0.013825 0.048135 -0.199537 -0.000033 -0.069068 0.000035 0.025001 0.085430 0.000029 0.024134 -0.087140 -0.048725 0.022827 -0.096972 -0.006302 0.067115 -0.366581 -0.086640 0.100448 -0.167722 0.036130 -0.000047 0.037757 -0.024259 -0.000009 -0.000027 0.000021 -0.044868 -0.121871 -0.033397 0.002657 -0.000019 -0.130377 -0.000012 -0.011532 0.025478 0.000004 0.000100 -0.000007 -0.151858 -0.130787 -0.076722 -0.137338 -0.067672 -0.068316 0.015065 -0.091402 -0.103903 0.008862 0.000008 -0.024983 0.056738 0.036349 -0.066763 -0.155294 0.025682 -0.109054 -0.000003 -0.012650 -0.264857 0.183674 -0.094029 0.000021 0.000006 -0.000032 0.024924 -0.075959 -0.000022 0.001522 -0.000009 -0.000003 -0.000014 0.035091 0.000020 0.070355 0.000016 -0.042186 0.002205 0.020116 -0.094076
0.027106 -0.138964 -0.052289 -0.000152 0.074078 0.312018 0.001935 0.209569 0.051001 0.657563 -0.055747 -0.010436 -0.000099 0.050847 0.019539 -0.338696 -0.000004 -0.000008 -0.040651 -0.243894 0.041470 0.057847 -0.228829 0.288812 0.000001 -0.000001 -0.149485 0.000017 -0.299261 0.000008 -0.053073 0.198916 -0.178122 -0.003075 -0.000009 -0.001970 0.181136 0.280375 0.074053 -0.073486 -0.000081 0.110177 -0.000007 -0.332428 -0.115057 0.170566 -0.022947 -0.000013 0.000261 0.204100 0.030225 -0.000006 -0.124234 -0.000003 0.252080 0.033415 0.000073 -0.165726 -0.254847 0.116578 -0.002579 0.314753 -0.001629 0.108467 -0.359753 0.096386 0.079143 0.109772 -0.077382 -0.000062 -0.271946 0.119071 -0.000020 -0.000006 -0.000006 -0.111533 -0.001660 -0.183215 -0.115086 -0.000012 -0.131897 0.000003 0.164762 0.163606 -0.000044 -0.000101 -0.000014 -0.341023 -0.167937 -0.331581 0.451056 0.011392 0.160645 -0.062508 -0.049161 0.242525 -0.570406 -0.000011 -0.122121 0.526283 -0.431010 -0.076820 0.365548 0.193428 -0.017563 -0.000002 0.103131 -0.541478 -0.044874 -0.087986 0.000002 -0.000017 -0.000012 0.032729 0.111442 0.000013 -0.006728 0.000002 -0.000002 -0.000010 0.141106 -0.000003 0.246871 0.000001 -0.408397 0.133740 0.579071 -0.100612
0.682489 -0.103505 -0.080443 0.000027 0.203123 -0.027368 -0.000125 -0.315839 -0.401017 0.182072 -0.122880 -0.110462 -0.000154 -0.017735 0.051089 -0.159726 -0.000009 -0.000017 -0.080858 -0.241298 -0.033226 0.044747 0.041991 -0.221529 -0.000073 0.000001 0.337204 -0.000079 -0.283342 0.000009 -0.371810 0.197114 -0.059365 0.028382 0.000003 -0.000149 0.295459 -0.190318 -0.326529 0.313932 -0.000006 0.415426 0.000012 -0.011597 0.081306 0.102839 0.036282 0.000001 0.716780 -0.106031 0.009007 -0.000019 -0.072707 0.000017 -0.226136 -0.094845 -0.000003 -0.042031 -0.262400 -0.018783 0.026967 0.098978 -0.004873 -0.064363 -0.199917 -0.158746 -0.131411 -0.395396 0.133886 0.000007 -0.466577 -0.307439 -0.000011 0.000006 0.000001 0.106913 0.321391 -0.101042 0.093936 0.000008 -0.153538 -0.000000 -0.032567 0.057436 0.000007 -0.000068 0.000009 -0.242689 -0.397468 -0.121416 -0.415816 -0.144666 0.269855 0.245445 -0.016663 -0.229217 -0.054411 -0.000010 -0.305206 0.182385 -0.202251 0.205564 -0.257491 -0.171198 -0.060662 0.000007 0.099684 -0.396541 -0.081600 -0.522396 0.000017 0.000004 0.000033 0.015954 0.076809 -0.000006 -0.019663 -0.000016 -0.000000 -0.000004 -0.119787 0.000020 -0.026205 -0.000015 -0.255898 -0.054328 -0.003768 0.274672
0.251722 -0.189461 0.019563 0.000209 0.880036 0.010329 0.001203 0.119066 0.072966 0.001820 -0.266127 0.326857 0.000056 -0.265684 0.060101 -0.241955 0.000007 0.000005 0.013066 -0.354680 0.020810 0.077033 0.278533 -0.052336 0.000048 0.000022 0.061222 -0.000002 -0.060293 -0.000008 -0.357822 0.172526 -0.061142 0.223340 -0.000010 0.000084 0.099779 -0.288658 0.056681 0.343414 -0.000027 0.164991 -0.000030 -0.225936 0.193172 0.004348 -0.198819 -0.000000 -0.087979 -0.197029 -0.209938 0.000015 -0.244828 0.000033 0.018227 -0.119660 -0.000080 0.142678 -0.146045 -0.048875 -0.101735 -0.284375 -0.000451 0.247839 -0.338860 -0.352307 -0.044203 -0.070929 -0.089280 -0.000022 -0.059558 -0.167105 -0.000003 0.000022 -0.000004 0.261815 0.139717 -0.008372 0.133649 0.000012 -0.256891 -0.000000 -0.390401 -0.074310 -0.000023 -0.000038 -0.000001 -0.372719 0.117347 0.275871 -0.012358 0.018332 0.277283 0.283616 0.140897 -0.274329 0.021575 0.000003 -0.057444 -0.083063 -0.082777 -0.133574 -0.740889 -0.159751 0.171005 0.000007 -0.378301 0.115372 0.084699 0.292686 -0.000006 0.000015 -0.000000 0.025759 0.097853 0.000003 -0.005488 -0.000005 -0.000008 0.000001 0.199868 -0.000008 0.079713 -0.000002 0.017044 0.058884 0.093005 0.131493
-0.000002 -0.000025 -0.000006 -0.000016 -0.000004 -0.000017 -0.000089 -0.000054 -0.000060 0.000011 -0.000049 -0.000028 0.000001 -0.000087 -0.000019 -0.000014 0.000005 0.000012 -0.000048 -0.000091 0.000000 -0.000098 -0.000010 -0.000046 0.000008 0.000010 -0.000023 -0.000083 -0.000025 -0.000009 -0.000009 -0.000046 -0.000081 -0.000015 0.000005 -0.000001 -0.000042 -0.000004 -0.000088 -0.000110 -0.000009 0.000017 -0.000010 -0.000051 -0.000101 -0.000007 -0.000041 0.000009 -0.000005 -0.000134 -0.000045 -0.000022 -0.000077 -0.000009 -0.000074 0.000004 -0.000051 -0.000086 -0.000081 0.000017 -0.000047 -0.000013 -0.000065 -0.000045 -0.000115 -0.000006 -0.000002 -0.000036 -0.000031 -0.000031 -0.000021 -0.000089 0.000004 -0.000020 -0.000000 -0.000056 -0.000078 -0.000006 -0.000067 0.000008 -0.000038 0.000009 -0.000009 -0.000102 -0.000023 0.000002 -0.000009 -0.000070 -0.000025 -0.000000 0.000013 -0.000025 -0.000033 -0.000029 -0.000027 -0.000078 -0.000034 -0.000001 -0.000002 -0.000091 -0.000008 -0.000060 -0.000070 -0.000014 -0.000141 0.000001 -0.000054 -0.000075 -0.000074 -0.000027 -0.000003 0.000006 -0.000020 0.000040 -0.000010 0.000011 0.000014 -0.000006 0.000006 -0.000004 -0.000057 -0.000017 -0.000009 0.000012 -0.000022 -0.000007 -0.000099 -0.000071
0.202637 -0.060645 0.015644 -0.000096 -0.365746 0.191626 -0.000704 -0.032853 0.176697 0.277857 -0.132102 0.303603 0.000043 0.063607 0.193608 0.142430 -0.000002 -0.000009 -0.161701 -0.292151 -0.006492 0.263456 -0.042178 0.163221 -0.000000 -0.000010 -0.199944 -0.000004 -0.300178 -0.000004 -0.044345 -0.032415 0.180443 -0.061856 0.000003 -0.000838 0.087715 0.159380 -0.284338 -0.143774 -0.000008 0.259365 -0.000009 -0.031992 -0.156069 -0.171732 0.015438 -0.000003 0.094072 0.242269 0.172908 -0.000003 0.288855 0.000005 0.267351 0.020964 -0.000068 0.002996 0.215587 -0.132158 -0.393694 0.171039 0.013278 -0.176509 -0.498519 0.357470 0.250439 -0.156654 -0.043198 0.000002 0.196450 0.098562 -0.000018 -0.000046 -0.000001 -0.287898 0.114026 0.228390 -0.053427 0.000007 0.316048 -0.000013 -0.177120 0.281988 -0.000002 -0.000001 -0.000009 -0.567157 0.183888 0.479857 -0.131995 -0.155121 -0.119855 -0.119374 0.074327 -0.305737 0.067422 -0.000003 0.161381 0.195920 0.325671 0.155932 -0.547296 0.001977 -0.372558 -0.000008 -0.009638 0.036618 0.076504 -0.022733 -0.000014 -0.000011 0.000016 -0.013517 -0.217354 0.000010 0.000920 -0.000007 0.000004 -0.000010 0.097971 -0.000012 0.371319 0.000008 -0.225166 0.044371 -0.058762 -0.086050
0.270031 -0.116890 -0.122534 -0.000101 0.207645 0.874735 0.001819 0.142534 -0.169122 -0.629702 0.494619 -0.161935 -0.000115 0.185762 0.657079 0.183924 -0.000020 -0.000008 -0.336820 -0.517294 -0.068299 -0.038053 -0.141463 -0.171987 -0.000073 0.000016 0.074286 -0.000037 -0.218174 -0.000008 -0.420766 0.379458 0.416592 -0.597268 -0.000007 -0.000303 -0.011394 0.463601 0.117649 0.471251 -0.000078 0.092501 -0.000002 -0.304922 -0.429528 0.705018 -0.408030 -0.000004 -0.169134 0.099152 0.348719 -0.000024 -0.291843 0.000004 0.024799 0.405811 -0.000073 0.244410 0.414971 0.520638 0.763765 0.450808 0.011631 -0.748774 0.052790 0.192955 0.568500 -0.281911 -0.449834 -0.000004 -0.287256 -0.163440 0.000001 -0.000021 -0.000001 0.035023 0.020169 0.599910 0.111516 0.000004 -0.221405 -0.000007 -0.176293 -0.035522 -0.000009 0.000197 0.000010 -0.171021 -0.567164 -0.118928 0.754926 0.019375 -0.018628 -0.264847 -0.009895 -0.624428 0.774472 0.000007 0.110540 0.836690 -0.155727 -0.682282 0.322895 0.415254 -0.169517 -0.000016 -0.108145 -0.120029 0.852162 -0.071771 -0.000017 -0.000009 0.000081 0.000917 0.516914 -0.000020 -0.007663 -0.000018 -0.000021 0.000021 0.017302 0.000014 0.095563 0.000021 0.498393 -0.272705 0.359977 -0.762473
-0.095700 -0.027036 -0.128475 -0.000080 -0.054738 0.043668 0.002849 0.038080 -0.200187 -0.006284 -0.110213 -0.166144 -0.000059 -0.119135 -0.108556 -0.047569 0.000021 -0.000027 -0.075857 -0.140654 0.041698 -0.136097 0.012987 -0.106338 0.000101 -0.000026 -0.170926 -0.000015 -0.134019 -0.000011 -0.044911 -0.083650 -0.125745 -0.089011 -0.000004 -0.001282 -0.162112 0.009420 0.014141 -0.016918 0.000024 -0.065928 0.000000 -0.157270 -0.096308 -0.184464 -0.130806 0.000007 -0.150741 0.031029 -0.179210 -0.000022 -0.343014 0.000084 -0.016890 -0.001532 0.000026 -0.034531 -0.095731 -0.039350 -0.052416 -0.039786 -0.005176 0.095941 -0.228179 -0.035290 0.024050 -0.152617 -0.209042 -0.000018 -0.047185 0.002457 -0.000010 -0.000019 0.000001 0.052115 -0.086941 -0.069103 -0.080644 0.000013 -0.112886 0.000005 -0.080204 0.029129 0.000004 -0.000056 -0.000010 -0.049690 -0.202073 0.022733 -0.222785 -0.040798 -0.064654 0.021474 -0.065775 -0.078339 -0.062937 -0.000007 -0.121257 -0.110967 -0.098081 -0.205676 -0.243489 -0.018807 -0.098455 -0.000034 -0.020417 -0.240515 0.087848 -0.046232 -0.000001 -0.000007 0.000027 0.041932 -0.089175 -0.000002 0.010162 -0.000008 -0.000005 0.000021 -0.099472 0.000018 0.093814 0.000008 0.037902 -0.037666 -0.127509 0.025936
-0.000115 0.002988 -0.009933 -0.000022 -0.003706 -0.011450 -0.000859 0.008402 -0.020765 -0.003286 -0.008898 -0.000569 -0.000010 -0.007471 0.003440 -0.008332 -0.000004 0.000017 -0.007936 -0.007014 -0.003791 -0.016456 0.003863 -0.010398 -0.000020 0.000003 0.004065 -0.000059 -0.025356 0.000005 -0.019167 -0.009541 -0.001987 -0.003760 0.000001 0.000004 0.000579 0.006813 -0.022379 -0.019958 0.000001 -0.004875 0.000014 -0.001593 -0.010625 0.004511 -0.012126 -0.000010 -0.010746 -0.001094 -0.013925 -0.000006 -0.013796 -0.000004 0.003835 -0.000529 -0.000007 -0.002220 -0.000545 0.001632 -0.005529 -0.010877 0.003577 -0.000722 -0.035986 -0.004773 -0.007800 -0.007523 -0.011339 0.000003 -0.008232 -0.015410 -0.000014 -0.000029 0.000014 -0.015326 -0.013724 -0.021181 -0.008942 0.000007 -0.004554 -0.000003 -0.016085 -0.004926 -0.000011 -0.000012 0.000021 -0.029042 -0.006022 0.005207 -0.016249 -0.020181 -0.021068 0.004568 -0.000147 0.008815 -0.026078 0.000000 -0.006772 -0.004385 0.005955 -0.004976 -0.011745 -0.006588 -0.018670 -0.000013 0.002593 -0.025676 -0.008540 -0.002010 0.000013 0.000006 0.000003 0.000942 -0.020937 0.000001 -0.000775 0.000002 -0.000012 -0.000001 -0.002733 0.000009 -0.001995 0.000009 0.007799 0.000404 -0.010916 -0.003786
-0.235167 0.254400 -0.098871 0.000046 -0.293198 -0.034152 -0.000770 -0.072738 0.123132 0.003039 -0.630522 -0.574385 0.000002 -0.659283 -0.418238 -0.245892 0.000008 0.000002 -0.204020 -0.420419 -0.528790 0.509767 0.249067 -0.620519 0.000005 -0.000002 -0.219719 0.000169 -0.120773 -0.000001 -0.299621 -0.149288 0.659753 -0.448667 -0.000008 0.000069 -0.376992 -0.065482 0.499409 0.274878 0.000033 -0.472787 0.000013 -0.473614 -0.723708 -0.417012 -0.129970 0.000007 -0.482572 0.519781 -0.013203 0.000017 -0.521345 0.000031 0.438959 -0.404706 -0.000053 -0.296521 -0.088107 -0.849599 -0.341373 -0.056053 -0.000387 -0.357892 0.510925 -0.395261 0.088065 0.032592 -0.744068 -0.000044 -0.542082 0.268655 0.000018 0.000022 0.000006 -0.752333 -0.017761 -0.106278 -0.525607 -0.000018 0.003655 -0.000009 -0.072908 -0.156201 0.000006 0.000102 0.000016 -0.154403 0.002473 0.075188 -0.210689 -0.537192 0.057442 0.015518 0.212588 0.279312 0.171953 -0.000015 0.038788 0.021982 -0.044105 -0.435966 -0.828329 -0.119009 -0.320258 -0.000015 0.072474 0.131806 -0.139519 -0.394556 0.000015 -0.000001 0.000001 0.042437 -0.447028 0.000012 -0.012036 0.000007 0.000002 -0.000002 -0.425509 0.000003 -0.033951 -0.000010 0.184917 -0.801992 -0.508465 0.202009
-0.001313 -0.000255 -0.000270 -0.000057 -0.002628 0.002843 -0.001206 -0.005890 -0.006904 -0.004101 -0.004076 -0.001237 0.000009 -0.065019 -0.000043 -0.004847 0.000019 0.000022 -0.001962 -0.006584 -0.002650 -0.069554 -0.000917 -0.073815 -0.000058 0.000010 -0.002364 0.000018 -0.006957 -0.000012 -0.001729 -0.004178 0.000180 -0.007642 -0.000011 0.000893 -0.001105 0.001256 0.003097 -0.002060 -0.000001 -0.003526 0.000031 -0.061493 -0.001033 -0.000077 -0.010288 0.000004 -0.005659 0.000092 -0.000132 -0.000001 -0.003620 0.000043 -0.003938 -0.001746 -0.000010 -0.001924 -0.002081 -0.002842 0.000298 -0.004416 0.002228 -0.003704 -0.009223 0.000310 0.006182 -0.004100 -0.005996 0.000076 -0.027201 -0.008414 0.000015 -0.000019 -0.000012 0.001282 -0.000686 -0.002838 -0.001555 -0.000004 -0.002233 -0.000002 -0.001822 -0.001214 -0.000019 0.000019 -0.000005 -0.003044 -0.049153 -0.004043 -0.000333 -0.002181 -0.007719 -0.000371 -0.008230 -0.003798 0.000395 -0.000006 -0.001581 0.001206 -0.060643 -0.005973 -0.004137 -0.004134 -0.000455 0.000005 0.001271 -0.011446 -0.005064 -0.002256 0.000011 0.000015 -0.000021 -0.000251 -0.008234 0.000000 0.000210 -0.000005 0.000018 0.000009 -0.009613 0.000000 -0.002291 0.000002 -0.001784 -0.001272 -0.003607 -0.003542
-0.000023 -0.000031 -0.000007 -0.000047 -0.000089 -0.000018 -0.000108 -0.000008 -0.000003 -0.000188 -0.000082 -0.000101 -0.000040 -0.000087 -0.000065 -0.000022 -0.000001 0.000001 -0.000148 -0.000062 -0.000028 -0.000020 -0.000041 -0.000029 -0.000007 0.000019 -0.000001 -0.000028 -0.000073 0.000007 -0.000038 -0.000032 -0.000039 -0.000111 0.000021 0.000013 -0.000066 -0.000064 -0.000025 0.000048 0.000003 0.000003 0.000023 -0.000130 -0.000092 0.000029 -0.000063 -0.000013 -0.000002 -0.000066 -0.000013 -0.000017 -0.000022 0.000001 -0.000017 -0.000026 -0.000045 -0.000074 -0.000083 -0.000046 -0.000052 -0.000090 -0.000080 -0.000027 -0.000244 -0.000088 -0.000020 -0.000050 -0.000069 -0.000018 -0.000025 -0.000023 -0.000001 -0.000017 -0.000005 -0.000038 -0.000010 -0.000060 -0.000047 0.000005 -0.000002 -0.000017 -0.000250 -0.000052 0.000043 -0.000004 -0.000019 -0.000060 -0.000043 -0.000011 -0.000027 -0.000054 -0.000103 0.000000 -0.000038 -0.000244 -0.000005 -0.000004 0.000026 -0.000136 0.000005 -0.000120 -0.000074 -0.000030 -0.000037 -0.000007 -0.000059 -0.000144 -0.000002 -0.000034 -0.000001 -0.000001 -0.000061 0.000021 -0.000030 -0.000018 -0.000092 -0.000013 0.000003 -0.000006 -0.000033 -0.000017 -0.000037 0.000021 -0.000035 -0.000016 -0.000069 0.000022
0.020091 0.200547 0.644469 -0.000028 0.182956 0.434496 0.000856 0.042793 -0.125190 -0.202468 -0.115269 0.207066 -0.000009 -0.191337 -0.043659 -0.116785 -0.000007 -0.000025 -0.121560 -0.228576 -0.140814 -0.305174 0.112163 -0.216659 -0.000078 -0.000014 0.035495 0.000022 -0.481968 0.000009 0.121551 0.101614 -0.002071 0.276792 0.000032 -0.000919 -0.239132 -0.022879 -0.048256 -0.032224 0.000102 -0.147171 0.000002 -0.188334 -0.016665 -0.024291 0.078944 -0.000008 -0.147871 -0.061530 -0.027508 -0.000013 0.488512 -0.000024 -0.078002 0.067769 0.000013 -0.251942 -0.223636 -0.125651 -0.106764 -0.245823 -0.002900 -0.101406 -0.548452 0.224601 -0.016146 0.113093 -0.090719 0.000038 -0.383018 -0.052033 -0.000012 -0.000046 0.000012 -0.174950 0.101786 0.054345 -0.036793 0.000001 -0.109356 -0.000026 -0.334396 0.326555 0.000004 0.000087 -0.000017 -0.576070 -0.394239 -0.093951 -0.062553 -0.176103 -0.227366 -0.059140 0.092193 -0.121130 0.041546 -0.000010 -0.170453 -0.101421 0.011916 -0.156290 -0.356737 -0.069803 -0.693942 -0.000005 0.002657 -0.313312 0.140935 0.100758 -0.000002 0.000004 0.000030 -0.009495 -0.005049 -0.000009 -0.057523 -0.000005 -0.000011 0.000009 0.041122 0.000020 0.026617 0.000009 0.093316 -0.181910 -0.258836 0.060604
-0.006615 -0.003447 -0.002681 0.000002 -0.000859 -0.001536 0.000728 -0.000872 -0.056196 0.001141 -0.004531 -0.000637 0.000086 -0.002727 -0.000112 0.001362 -0.000000 -0.000005 -0.006786 -0.014087 -0.010813 -0.005635 -0.001225 -0.012052 0.000135 0.000007 -0.001815 0.000112 -0.001249 -0.000002 -0.002954 -0.004709 -0.005307 -0.002059 -0.000011 -0.000201 -0.003326 0.000134 -0.006170 0.002179 -0.000042 0.002983 -0.000013 -0.001049 -0.008438 0.005448 0.000084 -0.000006 -0.001540 0.002390 -0.004107 0.000012 0.000239 0.000039 -0.000167 -0.001181 0.000088 -0.000484 -0.003154 -0.055887 -0.032506 -0.006074 -0.000832 -0.006723 -0.057356 -0.001324 -0.003242 -0.047339 -0.008062 0.000013 0.002396 -0.008119 -0.000017 -0.000007 -0.000015 -0.000252 -0.003978 -0.004587 -0.003152 0.000000 -0.004576 -0.000021 -0.008955 -0.003184 0.000010 0.000058 0.000011 -0.065632 -0.012487 -0.005723 -0.004557 -0.001088 -0.010613 -0.002827 -0.005807 -0.001155 -0.017195 -0.000020 -0.002459 0.004332 -0.048246 -0.005388 -0.005522 -0.000603 -0.022729 0.000006 -0.001248 -0.015171 -0.002911 -0.003985 -0.000006 -0.000001 0.000020 -0.000211 -0.005378 0.000007 0.005429 0.000020 -0.000002 0.000008 0.002808 0.000003 -0.003600 -0.000004 -0.007647 -0.001324 -0.003352 -0.006566
0.109356 -0.001092 0.027087 -0.000003 0.114132 0.609519 0.002447 0.210299 0.089196 -0.081112 0.154137 0.265320 -0.000086 -0.098921 0.171426 0.253017 -0.000001 0.000001 0.021333 -0.134900 0.478567 -0.036314 0.158031 -0.248145 0.000001 0.000024 -0.199833 -0.000037 0.008373 0.000002 -0.035938 0.145747 0.252522 0.021119 -0.000005 0.001369 -0.039623 0.035718 0.292095 -0.210363 -0.000003 0.098075 -0.000012 -0.367516 0.012544 -0.400440 0.090322 0.000002 -0.014974 -0.022063 -0.204652 -0.000024 -0.180831 0.000024 -0.232411 0.120181 0.000033 0.275324 0.171325 -0.035734 0.138577 0.162013 0.000479 -0.129137 -0.526541 -0.151143 -0.003045 -0.007048 -0.313975 -0.000016 0.079427 -0.056680 -0.000003 0.000077 0.000007 0.040548 0.089998 0.030844 -0.008271 -0.000014 0.060027 -0.000004 0.081527 0.154907 0.000002 0.000056 0.000018 -0.366632 -0.209848 -0.078426 -0.158189 0.206549 -0.123206 0.019792 -0.006824 -0.182074 0.007950 -0.000008 -0.303338 0.250166 -0.018607 -0.054001 -0.219338 0.229093 -0.048192 -0.000005 0.005796 -0.272622 0.830559 -0.002478 0.000008 -0.000015 0.000037 0.009446 0.579112 -0.000001 -0.000868 0.000008 -0.000001 0.000013 0.162350 0.000008 0.027285 0.000000 0.166916 -0.076365 0.002705 -0.083085
0.125462 -0.406827 -0.107417 0.000002 0.321847 0.362409 0.000168 -0.176915 0.260508 0.278391 0.054911 0.212435 -0.000094 -0.063932 0.134746 -0.512455 0.000003 -0.000001 -0.323817 -0.313466 0.127120 0.169386 0.671174 0.624270 0.000011 0.000008 0.015667 0.000054 0.148163 -0.000005 -0.097168 -0.218822 -0.135055 -0.189843 -0.000022 -0.000366 -0.087507 0.499047 -0.225737 -0.137511 -0.000012 0.231569 -0.000000 -0.213242 -0.100673 -0.346395 -0.028958 -0.000010 -0.131307 0.248674 0.009691 0.000001 -0.469198 -0.000005 0.218317 0.017627 -0.000072 0.047523 0.178856 0.058849 0.067420 0.163527 -0.003363 -0.225661 -0.495567 -0.211211 0.813322 -0.300520 0.201634 -0.000020 0.161058 0.074090 0.000003 -0.000011 -0.000020 0.223242 -0.040112 -0.016117 -0.120072 0.000001 -0.635516 -0.000003 -0.199921 0.253175 -0.000008 0.000001 -0.000008 -0.233141 0.044929 -0.070028 0.040165 -0.196774 -0.004369 -0.009881 0.161759 0.070309 0.297499 -0.000018 -0.243289 -0.016180 -0.460484 0.162830 -0.057776 -0.029837 -0.302032 -0.000005 0.015506 -0.215382 0.335203 0.042314 0.000016 -0.000004 -0.000016 0.015608 -0.061559 0.000003 0.026758 -0.000009 -0.000018 -0.000002 0.174703 -0.000006 0.255699 -0.000004 -0.276020 0.231297 -0.040340 -0.445373
0.531609 -0.427839 -0.004715 0.000122 -0.050229 -0.398944 0.018799 -0.408791 0.602797 -0.277722 -1.207368 -0.587196 -0.000124 -1.037002 -0.421773 0.431034 0.000003 -0.000005 -0.334911 0.188195 0.045106 -0.807765 -0.303340 0.027482 0.000073 0.000014 -0.151619 0.000092 -0.287141 0.000015 -0.062436 0.679061 -0.178966 -0.466373 -0.000001 0.000261 0.375372 -0.035395 -0.070441 -0.058203 0.000104 -0.087887 0.000012 -0.636140 -0.495464 -0.681819 -0.232112 -0.000005 -0.381788 0.112163 -0.403127 -0.000008 -0.036747 0.000019 0.078477 0.067788 0.000037 -0.696276 0.024852 0.697239 0.344939 0.663688 -0.001328 0.063587 0.203237 0.316436 -0.135940 0.565666 -0.038772 -0.000027 0.442573 -0.694289 -0.000003 -0.000011 -0.000008 -0.486446 -0.143928 0.536748 -0.853320 0.000000 0.126982 0.000016 -0.635596 0.348099 0.000021 -0.000079 0.000013 0.384602 0.291231 -0.505351 0.297059 0.252782 0.359752 -0.354495 0.278900 -0.191977 -0.601945 -0.000016 0.233971 -0.526238 -0.293802 -0.536883 -1.475384 0.595684 -0.092460 -0.000024 -0.131125 -0.448031 0.083829 -0.098352 0.000010 -0.000007 0.000019 -0.026773 -0.259692 -0.000003 -0.016025 0.000015 -0.000007 0.000008 -0.692036 0.000028 -0.029732 -0.000004 -0.703327 0.245703 -0.395341 -0.125058
-0.000007 -0.000005 -0.000026 -0.000008 -0.000019 -0.000000 0.000002 -0.000033 -0.000021 -0.000007 -0.000002 -0.000019 -0.000001 -0.000078 -0.000002 0.000002 -0.000011 -0.000013 -0.000028 -0.000024 -0.000010 -0.000009 -0.000011 -0.000019 0.000009 0.000008 -0.000025 -0.000007 -0.000006 -0.000007 0.000000 -0.000030 -0.000072 -0.000004 -0.000015 0.000005 -0.000009 -0.000011 -0.000079 -0.000019 -0.000002 -0.000018 0.000000 -0.000002 -0.000000 -0.000018 -0.000071 -0.000004 -0.000000 -0.000023 -0.000070 0.000009 -0.000006 -0.000013 -0.000003 -0.000015 0.000005 -0.000014 -0.000036 -0.000006 -0.000031 -0.000087 0.000000 0.000010 -0.000075 -0.000016 0.000002 -0.000025 -0.000011 -0.000009 -0.000002 -0.000028 -0.000010 -0.000008 -0.000008 -0.000004 -0.000018 -0.000002 -0.000012 -0.000012 0.000009 0.000002 -0.000020 -0.000057 -0.000015 -0.000009 -0.000010 -0.000018 -0.000015 -0.000003 -0.000020 -0.000013 -0.000008 -0.000001 -0.000014 0.000000 -0.000038 -0.000013 -0.000009 -0.000031 -0.000013 -0.000051 0.000004 0.000005 -0.000019 -0.000013 -0.000066 -0.000032 -0.000068 -0.000002 0.000002 -0.000005 -0.000009 -0.000061 -0.000016 0.000008 0.000002 -0.000002 0.000009 -0.000011 -0.000021 0.000011 -0.000059 -0.000005 -0.000018 -0.000012 -0.000058 -0.000009
0.588316 0.392032 0.212117 -0.000021 -0.079360 0.168575 -0.000047 -0.045731 0.737913 0.121196 0.100585 -0.069044 -0.000042 -0.398554 0.188677 0.096139 -0.000005 0.000001 -0.492849 0.078554 -0.210108 0.030272 0.021031 0.081267 0.000003 0.000021 0.077143 0.000012 0.090909 0.000017 -0.088623 0.449126 0.074818 0.013573 -0.000021 -0.000014 0.038144 -0.018186 -0.271149 -0.047512 -0.000027 0.486448 -0.000009 -0.513060 -0.084491 0.242889 -0.013125 0.000001 -0.018064 0.406051 -0.014198 -0.000020 0.273065 -0.000005 -0.071175 -0.064007 -0.000025 -0.497606 -0.225948 0.125747 -0.115688 0.245843 -0.000081 -0.133678 -0.490258 0.181258 -0.017224 0.210633 0.322681 -0.000011 0.043599 -0.176895 0.000022 -0.000087 -0.000001 -0.300156 -0.267007 0.003280 -0.295796 0.000001 -0.084490 0.000003 -0.141916 0.236638 -0.000026 0.000010 -0.000019 0.055650 0.114895 -0.014226 0.323263 0.182997 -0.066696 -0.143856 -0.099646 0.209418 -0.230616 -0.000012 0.187967 0.038714 -0.129869 0.015189 -0.280458 0.282724 0.111398 -0.000011 0.136774 -0.366569 0.330880 -0.027485 -0.000019 -0.000018 -0.000011 0.010200 -0.089200 -0.000006 -0.014943 -0.000003 0.000002 0.000002 -0.114639 0.000004 -0.090606 -0.000003 0.412679 -0.148987 -0.047476 -0.010656
-0.000319 -0.003839 0.000392 0.000040 -0.000351 -0.001663 0.001097 -0.000181 -0.002920 -0.000028 0.000059 -0.000346 -0.000141 -0.005352 0.001448 0.000629 -0.000019 0.000001 0.000359 -0.005864 -0.000981 -0.005153 -0.002415 -0.000228 -0.000011 0.000002 0.000412 -0.000015 -0.002025 0.000001 -0.000264 0.000706 -0.001071 -0.005745 -0.000010 -0.000019 -0.000465 -0.000181 0.001929 0.000171 -0.000022 -0.000681 -0.000003 -0.004402 -0.005555 -0.003300 -0.001115 -0.000005 -0.000133 -0.000294 -0.000384 0.000001 -0.000747 -0.000015 -0.003680 0.000175 0.000001 -0.004945 -0.000897 -0.001745 -0.010536 -0.000662 -0.000392 -0.001323 -0.008831 -0.001309 -0.001749 -0.002265 -0.002187 -0.000012 0.000193 -0.001490 -0.000002 -0.000019 -0.000015 -0.009444 -0.003411 0.000123 -0.003092 -0.000008 -0.004451 0.000011 -0.003411 -0.002542 0.000007 -0.000000 -0.000006 -0.004451 -0.004948 0.000692 -0.001135 -0.002820 -0.002954 -0.000058 -0.002821 -0.002891 0.000397 0.000002 -0.004251 0.000795 -0.001521 -0.007819 -0.001280 -0.004608 -0.003294 -0.000016 0.000515 -0.004241 -0.000834 -0.001595 -0.000001 -0.000021 -0.000007 -0.000150 -0.001234 -0.000007 0.000012 0.000001 -0.000012 -0.000010 0.002375 0.000002 -0.003135 -0.000007 -0.000840 -0.002695 -0.002679 0.000292
-0.020239 0.002142 -0.004494 -0.000031 0.002778 -0.013972 0.000851 0.008374 -0.010943 -0.006364 -0.012646 -0.000017 0.000051 -0.009944 0.004588 -0.011326 0.000002 0.000011 -0.010640 -0.018171 -0.000418 -0.009712 -0.001322 -0.009724 0.000034 -0.000021 -0.004021 -0.000035 -0.001485 -0.000001 -0.009386 0.002394 0.000284 -0.011480 0.000001 -0.001312 0.006671 0.005401 -0.018343 0.004605 -0.000028 -0.002761 -0.000040 -0.012713 -0.008029 -0.007084 -0.006545 -0.000015 -0.004176 -0.006050 -0.004295 0.000022 0.005279 -0.000064 -0.009057 -0.005315 0.000078 -0.014163 -0.010081 -0.001421 0.002609 -0.008715 0.001826 -0.005071 -0.022449 -0.008419 -0.005557 -0.003380 -0.007864 0.000091 -0.001120 -0.011812 -0.000007 -0.000007 -0.000002 0.003126 0.000325 -0.004726 -0.011272 0.000017 0.004737 -0.000004 -0.002183 -0.014056 0.000011 0.000058 0.000012 -0.013185 -0.007833 -0.009920 -0.007604 -0.010325 -0.003458 -0.001429 -0.010383 -0.008640 0.000331 0.000001 0.002120 0.000223 -0.014862 -0.022389 -0.002608 -0.015551 -0.007102 0.000000 0.005680 -0.014538 -0.005680 -0.006306 -0.000004 0.000011 -0.000017 -0.004110 0.000388 0.000002 0.002666 -0.000009 -0.000016 -0.000010 -0.011783 -0.000001 -0.003301 -0.000032 -0.000865 -0.003998 -0.001801 -0.012813
0.000000 -0.000050 -0.000016 0.000009 -0.000002 -0.000025 -0.000031 -0.000037 -0.000017 -0.000005 -0.000003 -0.000025 0.000015 -0.000046 -0.000009 -0.000021 0.000021 -0.000012 -0.000039 -0.000047 -0.000006 -0.000041 -0.000008 -0.000028 -0.000003 0.000000 -0.000014 -0.000002 0.000003 0.000005 0.000000 -0.000038 -0.000047 0.000006 0.000010 0.000006 -0.000054 -0.000020 -0.000062 -0.000021 -0.000015 -0.000009 -0.000010 -0.000023 -0.000011 -0.000014 -0.000049 -0.000004 -0.000030 -0.000012 -0.000033 -0.000005 -0.000007 -0.000016 -0.000008 -0.000011 0.000010 -0.000025 -0.000022 -0.000034 0.000003 -0.000029 -0.000012 -0.000022 -0.000109 -0.000009 0.000007 0.000006 -0.000040 -0.000005 -0.000004 -0.000028 0.000006 -0.000010 0.000009 -0.000009 -0.000017 -0.000018 -0.000031 -0.000010 -0.000017 0.000019 -0.000017 -0.000019 -0.000013 -0.000003 -0.000000 -0.000027 -0.000073 -0.000008 -0.000004 -0.000007 -0.000049 0.000000 -0.000029 0.000005 -0.000021 0.000014 -0.000007 -0.000012 -0.000000 -0.000029 -0.000014 -0.000054 -0.000008 -0.000011 -0.000047 -0.000058 -0.000017 -0.000003 0.000001 0.000011 -0.000009 -0.000021 -0.000006 -0.000005 0.000005 0.000016 0.000014 -0.000014 0.000002 0.000010 -0.000037 0.000017 -0.000004 -0.000001 -0.000008 -0.000024
0.265189 0.290857 0.123622 -0.000014 -0.251547 0.248170 0.002181 -0.221081 -0.443761 -0.278893 0.418251 -0.135297 -0.000037 0.212980 -0.084723 -0.217949 0.000006 0.000021 0.046780 -0.112253 0.563294 0.065193 0.307795 -0.219866 0.000020 0.000003 -0.357465 -0.000012 -0.209030 0.000015 -0.014698 0.425262 -0.210506 -0.441711 -0.000010 -0.001439 -0.135505 0.649210 -0.113824 0.247001 -0.000008 0.618331 0.000000 0.031602 0.075002 0.107888 0.057494 0.000007 0.048883 0.008735 -0.100107 -0.000010 -0.164014 0.000002 0.488843 0.787396 0.000004 0.143519 0.248108 -0.062217 -0.269349 -0.028045 -0.003068 -0.070241 -0.355559 0.402819 0.368143 0.113830 0.381912 0.000009 0.102199 -0.311249 0.000020 0.000002 0.000013 0.164234 0.292931 -0.015270 0.255163 0.000009 0.136523 0.000008 -0.060641 0.159451 -0.000014 -0.000019 0.000008 -0.333319 -0.188173 -0.049374 0.169970 0.057552 -0.057382 0.037949 -0.157161 0.014035 0.313249 0.000004 0.238482 0.244801 0.316696 0.032988 -0.650192 0.527729 -0.401218 -0.000003 0.220028 -0.014398 -0.022846 0.090284 0.000015 -0.000004 -0.000011 -0.024773 0.199824 -0.000009 -0.001631 0.000001 -0.000002 -0.000002 -0.230328 0.000001 -0.277906 0.000005 0.481749 0.214792 0.217611 -0.180517
-0.000056 -0.000198 -0.000033 -0.000108 -0.000081 -0.000109 -0.000130 -0.000081 -0.000033 -0.000090 -0.000088 -0.000044 0.000029 -0.000009 -0.000018 -0.000037 -0.000008 0.000024 -0.000195 -0.000095 -0.000054 -0.000017 0.000085 -0.000054 0.000054 -0.000022 0.000012 -0.000054 -0.000172 -0.000001 -0.000107 -0.000139 -0.000141 -0.000109 0.000004 0.000032 -0.000030 -0.000005 0.000005 -0.000129 -0.000005 0.000027 0.000027 -0.000191 -0.000189 -0.000025 -0.000094 0.000008 -0.000097 -0.000114 -0.000077 -0.000001 -0.000143 0.000006 -0.000116 -0.000068 0.000017 -0.000047 -0.000201 -0.000000 -0.000073 -0.000049 -0.000015 -0.000006 -0.000183 0.000017 0.000010 -0.000005 -0.000058 -0.000016 0.000040 -0.000173 0.000011 -0.000022 0.000001 -0.000097 -0.000055 -0.000093 -0.000052 0.000008 -0.000125 -0.000011 -0.000035 -0.000041 -0.000014 0.000024 -0.000014 -0.000081 -0.000209 -0.000059 -0.000162 -0.000065 -0.000168 -0.000012 -0.000175 -0.000132 -0.000008 0.000007 0.000021 -0.000150 -0.000147 -0.000075 -0.000091 -0.000061 -0.000161 -0.000008 -0.000144 -0.000078 -0.000011 -0.000001 0.000005 -0.000002 -0.000025 -0.000118 -0.000040 -0.000010 0.000001 0.000022 -0.000013 0.000001 -0.000009 -0.000007 -0.000116 0.000003 -0.000131 0.000051 -0.000148 -0.000074
-0.158092 0.271532 0.056961 -0.000068 0.346556 -0.099554 0.001090 0.149665 0.102490 0.255623 -0.462153 -0.111619 -0.000021 -0.281238 -0.064502 -0.130376 0.000006 0.000001 -0.185700 0.021021 0.346187 -0.356582 0.290288 -0.213940 0.000007 0.000017 -0.021758 0.000053 0.051156 -0.000005 0.298958 -0.139062 -0.220431 -0.169434 0.000001 -0.000212 0.262667 0.143366 0.074759 0.068494 -0.000022 0.593621 0.000021 0.227363 -0.008449 -0.066204 -0.245852 -0.000004 -0.003991 -0.124616 -0.641198 -0.000011 0.084237 -0.000005 0.038463 0.155506 -0.000036 0.308393 -0.162101 -0.161987 -0.226453 -0.328492 0.000486 0.311477 -0.580438 -0.073806 -0.076519 -0.421867 -0.010686 -0.000013 -0.189928 -0.334862 -0.000003 -0.000015 0.000010 0.046682 -0.051210 -0.390341 0.070256 -0.000008 0.157161 -0.000012 0.030631 0.090997 -0.000052 -0.000011 -0.000020 -0.321648 -0.132286 0.014148 -0.260285 0.392001 0.105642 0.039679 0.341869 0.433056 -0.303361 -0.000019 -0.105447 -0.122543 0.089177 -0.232560 0.041576 0.464251 -0.455038 -0.000013 0.011870 0.232924 -0.168659 -0.000194 0.000003 0.000002 -0.000021 0.003757 0.330285 -0.000003 -0.011169 0.000003 -0.000013 -0.000020 0.149178 -0.000021 0.311056 -0.000016 0.172336 0.166570 0.138404 -0.245665
-0.015280 -0.105787 0.036299 -0.000035 -0.180252 0.126674 0.002095 0.161518 -0.023501 0.062662 0.065724 0.182224 -0.000071 -0.284381 -0.079831 -0.189173 -0.000013 -0.000006 -0.118833 0.103946 -0.029320 -0.013175 0.001624 -0.311557 -0.000062 0.000005 -0.022989 -0.000083 0.383162 0.000010 -0.284179 -0.542264 -0.109200 -0.205970 0.000001 -0.000182 0.021576 0.159130 0.089213 -0.118881 0.000025 0.213837 -0.000009 -0.077228 -0.294125 -0.230236 -0.010295 0.000011 0.195894 0.002373 0.146696 0.000001 0.287667 -0.000006 -0.100326 -0.152965 -0.000050 0.068252 -0.211018 -0.233937 0.080886 -0.128024 -0.001241 -0.136066 -0.431308 0.124843 -0.057733 0.016044 0.062215 -0.000006 0.212424 0.009782 -0.000002 -0.000036 0.000004 0.026253 -0.096501 -0.212210 -0.111542 -0.000011 -0.302768 -0.000010 -0.036741 0.479440 -0.000016 -0.000008 -0.000007 -0.323774 -0.250138 -0.043936 0.235583 -0.110886 0.033025 0.026765 -0.139804 -0.016510 -0.068857 -0.000012 -0.143775 -0.043483 -0.275309 0.012490 0.091550 -0.068070 0.004046 -0.000003 -0.032512 -0.084501 -0.112843 0.140690 0.000001 -0.000004 -0.000024 0.030359 0.049005 0.000007 0.020803 0.000017 -0.000001 0.000013 0.085625 0.000009 0.166869 -0.000011 -0.336145 -0.165563 -0.180433 -0.201386
0.000025 -0.000178 -0.000032 -0.000040 -0.000404 -0.000589 -0.000041 -0.000263 -0.000648 -0.000069 -0.000115 -0.000087 -0.000306 -0.000254 -0.000030 -0.000276 -0.000000 0.000011 -0.000784 -0.000426 -0.000032 -0.000607 -0.000145 -0.000267 -0.000057 -0.000016 -0.000222 -0.000013 -0.000006 -0.000012 -0.000555 -0.000094 -0.000438 -0.000020 0.000000 0.000012 0.000131 -0.000006 0.000009 0.000018 -0.000011 -0.000109 0.000006 -0.000096 -0.000158 -0.000182 -0.000748 0.000019 -0.000103 -0.000075 -0.000261 -0.000019 -0.000076 0.000056 -0.000483 0.000011 0.000066 -0.000195 -0.000035 0.000315 -0.000189 -0.000885 -0.000015 -0.000185 -0.001072 0.000052 0.000071 0.000068 -0.000039 -0.000039 -0.000100 -0.000373 0.000014 -0.000002 0.000024 -0.000230 -0.000009 -0.000511 -0.000138 -0.000013 -0.000135 -0.000002 -0.000085 -0.000007 -0.000010 -0.000012 -0.000007 -0.000227 -0.000217 -0.000325 -0.000498 -0.000662 -0.000039 -0.000044 0.000047 0.000065 -0.000291 -0.000011 0.000115 -0.000087 -0.000207 -0.000268 -0.000043 -0.000211 -0.000869 -0.000003 -0.000464 -0.000756 -0.000177 -0.000407 -0.000015 -0.000002 -0.000045 0.000125 -0.000121 -0.000001 -0.000113 -0.000003 0.000021 -0.000014 -0.000230 0.000006 -0.000820 -0.000004 -0.000164 -0.000169 -0.000018 -0.000175
-0.601810 -0.574032 0.123678 -0.000152 -0.225135 -0.420418 -0.000351 -0.680645 -0.295312 0.941427 0.739578 -0.269221 -0.000388 0.518157 -0.425678 -0.900780 0.000010 0.000017 0.392868 -0.264434 -0.161101 -0.459520 0.773530 0.558497 -0.000076 -0.000004 -0.445900 0.000003 0.135007 -0.000015 -0.830903 -0.470841 -0.602284 0.239306 0.000012 -0.000686 0.053226 -0.314586 0.529330 0.261457 0.000034 -0.645840 -0.000053 0.529599 -0.024112 -0.462570 -0.352820 0.000003 -0.323843 -0.370984 -0.128225 0.000024 -0.882137 -0.000010 -0.417409 -0.522352 0.000007 0.619075 -0.030971 -0.293864 -0.204029 -0.485252 -0.000176 -0.187607 0.198705 -0.086688 0.010238 0.115077 -0.413844 -0.000012 0.409746 -0.359080 0.000012 -0.000042 -0.000005 -0.178177 -0.471887 -0.216179 0.273210 0.000018 -0.238738 -0.000050 0.611753 0.295816 -0.000017 0.000044 -0.000010 0.065599 0.046490 -0.417060 -0.401925 -0.385440 -0.229943 0.003469 -0.318288 0.662316 -0.309921 -0.000003 -0.079955 0.139847 -0.254890 -0.443577 0.478980 -0.237906 -0.607508 -0.000008 0.399329 0.255064 0.072149 -0.485333 0.000000 0.000009 -0.000014 -0.020846 -0.379530 0.000011 -0.063197 0.000003 0.000004 0.000017 -0.109046 0.000007 -0.632834 -0.000025 -0.264947 -0.326788 0.009972 0.038680
-0.000064 -0.000026 -0.000020 -0.000016 -0.000060 -0.000070 -0.000088 -0.000050 0.000006 -0.000051 0.000014 -0.000026 -0.000004 -0.000059 -0.000004 -0.000052 0.000022 -0.000001 -0.000061 -0.000040 -0.000021 -0.000003 -0.000048 -0.000015 -0.000021 -0.000033 -0.000056 0.000005 -0.000105 0.000004 -0.000043 -0.000019 -0.000094 -0.000014 -0.000010 0.000042 -0.000025 -0.000004 -0.000045 -0.000031 -0.000001 -0.000025 0.000013 -0.000084 -0.000121 -0.000056 -0.000015 -0.000015 0.000001 -0.000066 -0.000060 -0.000010 -0.000066 -0.000017 0.000007 -0.000007 -0.000013 -0.000097 -0.000131 -0.000105 -0.000066 -0.000019 -0.000037 -0.000029 -0.000063 -0.000021 0.000002 0.000005 -0.000001 -0.000006 -0.000069 -0.000053 -0.000012 -0.000040 0.000013 -0.000070 -0.000109 0.000004 -0.000030 0.000003 -0.000096 -0.000011 -0.000085 -0.000083 0.000006 0.000004 -0.000002 -0.000072 -0.000088 -0.000065 -0.000111 0.000008 -0.000075 -0.000073 -0.000023 -0.000054 -0.000060 0.000015 -0.000017 -0.000096 -0.000019 -0.000044 -0.000045 -0.000003 -0.000003 0.000006 -0.000015 -0.000024 -0.000014 -0.000047 0.000003 -0.000004 0.000020 -0.000137 -0.000068 -0.000011 -0.000004 0.000009 0.000011 -0.000007 -0.000105 -0.000003 -0.000086 0.000026 -0.000009 -0.000049 -0.000002 -0.000032
0.099305 0.397188 0.033830 0.000146 0.160277 0.255416 -0.001298 -0.474326 0.328482 -0.096469 0.209500 -0.177927 0.000039 0.356634 -0.013796 0.758445 0.000014 -0.000004 0.234050 -0.424677 0.786596 -0.271899 -0.225658 -0.804677 0.000074 0.000005 0.213943 -0.000034 -0.236941 0.000017 0.274035 -0.401693 -0.149995 0.026412 0.000032 -0.002689 0.133470 0.264979 -0.326682 0.130062 -0.000006 0.453419 -0.000027 -0.035066 0.299444 -0.791824 -0.075807 0.000020 -0.036979 -0.010005 0.281626 -0.000014 0.404938 -0.000081 0.166577 0.586425 -0.000032 0.371479 -0.858528 -0.470347 -0.299812 0.157263 -0.002101 -0.037251 -0.155076 -0.329035 0.552266 -0.143779 0.193920 0.000037 0.222457 -0.331822 -0.000003 -0.000014 0.000005 0.497030 -0.099588 -0.084163 -0.074435 0.000013 0.208390 0.000014 0.164509 -0.163646 0.000012 -0.000076 -0.000006 -0.111665 -0.256902 0.095483 -0.220023 0.090715 -0.499100 0.232651 0.000004 0.341360 -0.243245 0.000009 0.436336 -0.226806 -0.313438 -0.178106 0.612474 0.104843 0.360006 -0.000003 0.189780 0.248034 -0.127168 0.000246 -0.000019 0.000012 -0.000016 0.075593 0.001609 -0.000003 -0.043345 -0.000011 0.000011 -0.000000 0.089212 0.000009 -0.020148 0.000032 -0.501290 0.307404 -0.211537 -0.082920
-0.000082 -0.000049 -0.000080 -0.000120 -0.000041 -0.000111 -0.000056 -0.000024 -0.000332 0.000027 -0.000169 -0.000049 -0.000014 -0.000030 -0.000008 -0.000081 -0.000019 -0.000006 -0.000097 -0.000004 -0.000053 0.000026 -0.000038 0.000001 -0.000009 -0.000005 -0.000071 -0.000045 -0.000068 -0.000010 -0.000019 -0.000045 -0.000112 -0.000036 -0.000002 -0.000004 -0.000114 -0.000022 -0.000045 -0.000042 -0.000019 -0.000016 -0.000008 0.000019 -0.000312 -0.000013 -0.000074 0.000012 -0.000047 0.000018 -0.000046 -0.000006 -0.000007 0.000000 -0.000039 -0.000025 0.000004 -0.000028 -0.000035 -0.000040 -0.000093 -0.000072 -0.000149 -0.000111 -0.000112 -0.000108 -0.000007 -0.000031 -0.000065 -0.000048 -0.000016 -0.000038 -0.000009 -0.000010 -0.000002 -0.000144 -0.000333 -0.000019 -0.000125 -0.000003 -0.000139 -0.000021 -0.000123 -0.000115 -0.000008 -0.000022 0.000003 -0.000008 -0.000023 -0.000056 -0.000069 -0.000104 -0.000114 -0.000047 -0.000067 -0.000013 -0.000080 -0.000015 -0.000076 -0.000030 -0.000002 -0.000023 -0.000070 -0.000039 -0.000032 0.000007 -0.000061 -0.000120 -0.000109 0.000008 -0.000019 -0.000011 -0.000020 -0.000018 -0.000101 0.000010 -0.000055 0.000012 -0.000007 -0.000017 -0.000061 -0.000001 -0.000065 0.000001 -0.000280 -0.000058 -0.000028 -0.000036
-0.007241 0.004239 0.000751 -0.000148 0.007951 -0.005778 0.000089 -0.013395 -0.010301 -0.006731 -0.023569 -0.000225 -0.000133 -0.020457 -0.004448 -0.005172 0.000006 -0.000002 -0.009900 -0.028464 -0.008772 -0.018494 -0.018375 -0.019650 0.000052 -0.000008 -0.003858 -0.000049 -0.009854 -0.000004 -0.019299 0.001777 0.006633 -0.008567 -0.000005 0.001992 0.005348 0.005560 -0.014549 0.000378 -0.000083 -0.016002 -0.000018 -0.012911 -0.016089 0.011806 -0.014736 0.000003 -0.008445 -0.002607 0.000076 -0.000017 0.004515 -0.000012 -0.012079 -0.011531 0.000043 -0.009081 -0.004508 -0.005060 -0.000408 -0.012489 -0.000550 -0.008040 -0.037922 -0.010672 -0.005421 0.003095 -0.002044 -0.000044 -0.009086 -0.003821 0.000010 -0.000034 -0.000001 -0.024184 -0.016868 -0.023341 0.001075 0.000007 -0.027652 0.000021 -0.010819 -0.002461 0.000002 -0.000066 0.000003 -0.004774 -0.008067 -0.023255 -0.015500 -0.007184 -0.010968 -0.008683 -0.013557 -0.001014 -0.014654 -0.000002 -0.011666 -0.001436 -0.012890 -0.008061 0.004168 -0.003786 -0.020641 -0.000017 0.023984 -0.030738 -0.004495 -0.005065 0.000007 0.000007 -0.000004 0.002722 -0.006789 -0.000011 0.009953 -0.000010 0.000013 -0.000011 -0.016192 -0.000007 -0.008406 0.000018 0.000017 -0.013036 -0.014318 0.004302
-0.059209 -0.051789 -0.065645 0.000132 -0.049247 -0.056802 -0.000200 -0.007112 -0.045741 -0.060755 -0.055633 -0.012106 -0.000172 -0.081125 -0.034568 0.046697 0.000006 -0.000015 -0.127072 -0.021189 0.011353 -0.070524 0.002268 -0.016955 0.000007 0.000001 -0.014717 0.000013 0.011079 0.000004 -0.016454 -0.037871 -0.060713 -0.030905 -0.000023 0.000218 0.031894 -0.004047 -0.052554 -0.036215 0.000004 -0.010948 -0.000016 0.017483 -0.030555 -0.036858 -0.055973 -0.000008 -0.041250 0.035459 -0.009898 -0.000015 -0.073124 -0.000015 -0.025117 0.014160 -0.000061 -0.061809 0.009148 -0.054517 -0.063602 -0.064546 -0.004917 -0.035104 -0.062005 -0.038064 -0.047114 -0.083447 0.006986 -0.000020 -0.024676 -0.094124 0.000009 -0.000056 0.000011 0.030798 -0.051731 -0.038705 -0.095904 -0.000016 -0.128038 -0.000016 -0.006394 -0.012999 -0.000034 -0.000009 -0.000024 -0.067283 0.000747 -0.033352 -0.011193 -0.050673 -0.005374 0.007562 -0.053174 -0.063978 -0.026599 -0.000013 -0.037750 -0.011314 0.005106 -0.067855 -0.029460 -0.014165 0.001719 -0.000006 -0.024362 -0.208813 -0.023457 -0.021549 -0.000010 0.000011 0.000027 0.034721 -0.004111 -0.000004 -0.016164 -0.000001 -0.000018 -0.000015 0.023948 -0.000019 -0.005368 -0.000057 -0.079250 -0.018184 -0.048689 -0.005935
0.161344 0.108851 -0.107149 0.000187 -0.127747 -0.226282 -0.001381 0.341896 -0.300596 -0.474655 -0.483686 -0.188631 -0.000021 -0.690787 0.793096 0.154332 -0.000014 -0.000010 -0.089452 -0.927933 0.725246 -0.074538 -0.152733 -0.253302 0.000064 0.000002 -0.059352 -0.000103 -0.283300 -0.000019 0.009324 -0.246059 -0.437464 0.053710 0.000020 0.000264 -0.197529 0.446707 0.269409 -0.507904 0.000043 0.855395 -0.000022 -0.275484 -0.240189 0.109753 0.330715 -0.000002 0.044884 0.281798 0.113252 0.000019 0.023513 0.000037 -0.013825 0.634247 0.000029 -0.675323 -0.611789 -0.486248 -0.852567 0.251414 -0.008433 0.555355 0.205899 -0.241359 0.054268 -0.030177 0.545736 -0.000031 -0.059077 -0.968948 0.000001 -0.000005 -0.000002 -0.517562 0.013395 -0.050631 -0.449656 -0.000001 0.005015 0.000007 0.042895 -0.138702 -0.000022 -0.000064 -0.000000 -0.616020 -0.413461 -0.104766 -0.360379 -0.622235 -0.574721 -0.084928 -0.384999 -0.022812 -0.525887 0.000000 0.168749 -0.140566 -0.213352 0.117380 -0.256353 0.567455 -0.195856 0.000002 0.205540 -0.073210 -0.415050 -0.053972 -0.000020 0.000004 -0.000028 -0.031953 -0.173913 0.000003 -0.011213 -0.000003 0.000002 -0.000020 -0.429680 0.000003 -0.125180 0.000009 0.563986 0.846685 0.012541 -0.506899
0.148052 0.040396 0.152202 -0.000039 -0.070573 0.040487 -0.000822 0.243453 -0.159320 -0.199699 -0.269037 0.011174 -0.000039 -0.268735 -0.088067 -0.093766 -0.000008 -0.000004 0.035260 -0.378470 0.092687 -0.024754 0.069784 -0.167195 -0.000002 0.000021 -0.070060 -0.000011 -0.419040 0.000014 -0.152616 -0.027847 -0.063047 -0.133730 -0.000007 0.000192 0.122380 -0.023950 -0.035406 -0.087489 -0.000006 -0.230209 -0.000024 -0.165310 -0.092267 -0.082816 -0.247449 0.000002 0.212857 -0.013047 -0.162853 -0.000012 0.294440 0.000000 0.113375 -0.077153 0.000005 -0.111486 0.051923 -0.142703 -0.107117 0.086209 0.003558 0.097631 -0.345911 0.116058 0.436372 0.029998 -0.329053 -0.000036 -0.244818 -0.231297 -0.000014 -0.000008 0.000002 -0.048716 -0.166842 0.092031 -0.052561 0.000003 -0.188110 -0.000010 -0.273654 0.021967 -0.000035 0.000006 -0.000005 -0.372894 -0.206867 0.229774 -0.056650 -0.191182 0.137565 -0.188693 0.037411 -0.262665 -0.109762 0.000003 -0.071354 -0.096680 -0.157031 -0.165404 -0.471564 0.102355 -0.477186 -0.000003 0.137845 -0.346904 0.233653 -0.027896 0.000004 -0.000005 -0.000039 0.019600 -0.032335 0.000003 0.014830 0.000015 -0.000013 0.000008 0.345836 -0.000004 -0.191189 -0.000010 -0.098581 -0.307666 0.016472 0.209784
-0.309198 -0.088234 -0.164741 -0.000006 0.007509 -0.060098 -0.000541 0.244964 -0.143986 0.326703 0.001290 0.195726 -0.000011 -0.042225 0.081699 0.296624 -0.000009 -0.000008 0.191183 -0.271885 -0.143614 -0.031207 0.296053 0.046806 -0.000009 0.000010 -0.090162 -0.000021 -0.465847 0.000012 -0.028201 0.518439 -0.087758 -0.177556 -0.000011 0.000226 0.040121 0.140442 0.088977 -0.253363 0.000000 0.153699 -0.000020 -0.310673 0.455609 -0.122579 0.255944 0.000009 0.109034 0.490153 0.171166 -0.000008 0.225470 -0.000001 -0.028655 -0.209629 -0.000015 0.013705 -0.221263 0.142164 -0.001061 -0.232455 -0.002514 0.302645 -0.589767 0.027860 -0.269549 -0.062486 0.200423 -0.000013 0.253620 -0.062176 0.000005 -0.000012 0.000009 0.134982 0.422765 -0.094833 0.115391 -0.000004 0.125225 0.000012 0.234600 0.076142 -0.000018 -0.000008 -0.000001 -0.682061 -0.173833 -0.083161 -0.035375 0.048405 -0.249538 -0.345057 -0.213822 -0.244154 -0.110486 -0.000013 -0.202866 -0.047448 0.108192 0.269335 -0.163966 -0.340122 -0.244744 0.000000 -0.208445 0.102111 0.455900 -0.322455 -0.000010 0.000003 -0.000033 0.003287 -0.077074 0.000007 -0.052274 0.000007 0.000006 0.000005 0.233799 0.000001 -0.354260 0.000005 -0.363915 -0.083260 0.328897 0.432732
-0.136299 -0.079315 -0.168831 0.000143 -0.415023 -0.147755 -0.001333 -0.058299 -0.572152 -0.564948 -0.180832 -0.707413 -0.000286 -1.042899 -0.358971 -0.201033 -0.000003 0.000006 -0.679655 0.319392 -0.203597 -0.316707 -0.602245 0.303518 0.000118 0.000018 0.050804 -0.000005 -0.365833 0.000004 -0.441920 -0.554634 -0.523057 0.179438 -0.000006 0.000288 -0.255639 0.236129 -0.290026 0.528960 0.000069 0.127083 0.000076 -0.331994 -0.260055 -0.565898 -0.499763 0.000000 0.103491 -0.079525 0.150704 0.000017 -0.574406 -0.000030 0.069149 -0.368349 0.000031 -0.465862 0.323996 -0.219013 -0.764191 0.009347 0.005646 -0.705924 0.046645 0.383221 -0.112028 -0.277065 0.232629 -0.000011 0.260201 -0.751150 0.000008 0.000008 -0.000001 -0.350672 0.653065 -0.476305 -0.884671 0.000002 -0.712346 0.000012 -0.204481 -0.170958 0.000017 -0.000036 0.000026 0.145992 0.539421 0.030328 -0.282940 -0.189610 -0.025570 -0.092555 0.620547 -0.328065 0.070618 0.000014 -0.236392 -0.298790 -0.459793 -0.622848 -0.759098 -0.106071 -0.421372 -0.000002 -0.260856 -0.529354 -0.191332 0.410785 0.000000 -0.000002 0.000077 -0.042782 0.267838 -0.000012 0.015965 0.000005 0.000006 0.000005 -0.155669 0.000013 -0.189957 0.000031 -0.385702 -0.444224 0.163291 0.280610
0.005661 -0.004146 0.000578 -0.000083 -0.008140 -0.001910 0.001763 -0.000386 -0.001218 -0.001459 -0.007148 0.000561 -0.000147 -0.003176 -0.003393 -0.005003 0.000000 0.000007 -0.005986 -0.013590 0.000689 -0.000924 0.004777 -0.003922 0.000106 -0.000001 -0.001687 -0.000077 -0.002925 -0.000003 0.000354 -0.000688 0.000124 -0.001333 0.000015 0.001712 0.000165 0.000260 -0.002427 -0.001203 -0.000073 0.000300 -0.000016 -0.000022 -0.004487 -0.000406 -0.007070 -0.000002 0.002616 -0.002603 -0.005706 0.000003 -0.000622 -0.000029 -0.003527 0.000235 0.000041 -0.006180 -0.000775 0.000422 -0.000247 -0.002745 0.001207 0.000309 -0.011645 0.001784 0.000552 -0.005457 -0.002225 0.000089 -0.008583 -0.007970 0.000006 -0.000039 -0.000007 -0.004444 -0.002249 -0.003117 -0.004108 -0.000011 -0.005139 -0.000021 -0.005951 -0.002549 -0.000022 0.000033 -0.000008 -0.006274 -0.009927 0.002120 -0.003906 -0.000697 -0.003298 -0.000479 -0.000474 -0.001263 -0.007471 -0.000003 -0.008052 -0.004811 -0.003450 -0.007063 -0.004474 -0.005864 0.000171 0.000010 0.000141 -0.003685 0.001949 0.001927 0.000018 0.000015 -0.000069 -0.000091 0.001012 0.000011 0.001716 0.000004 -0.000012 -0.000013 -0.004948 -0.000008 0.003395 0.000014 -0.002966 -0.003442 -0.000212 -0.000375
-0.059539 -0.065631 0.111574 -0.000072 0.054582 0.203893 0.000545 -0.396081 0.041134 -0.100739 0.088377 0.149885 0.000011 0.183982 0.235269 0.073817 0.000001 -0.000003 -0.281997 -0.278905 0.094999 0.047792 0.449002 0.261527 0.000053 -0.000006 -0.136808 -0.000078 0.012961 0.000020 -0.115845 0.045173 0.048567 0.127716 0.000003 -0.001209 -0.098012 0.307264 0.025253 -0.070652 0.000054 0.123936 0.000010 -0.375164 0.273022 0.031332 0.244605 0.000006 0.036845 0.162642 -0.058081 -0.000010 -0.163946 0.000052 0.194339 -0.030772 0.000012 -0.037995 -0.142918 0.357011 0.226042 0.126076 0.011571 -0.035466 -0.376773 -0.148515 0.176102 -0.466981 0.145360 -0.000012 -0.061685 0.104489 0.000022 -0.000021 0.000013 -0.059941 -0.126045 -0.043614 -0.166674 0.000002 -0.512465 0.000001 -0.246631 0.240377 -0.000008 0.000043 0.000010 -0.200551 -0.037533 -0.027879 -0.093963 -0.068924 -0.159256 -0.030402 0.010704 0.124484 0.222502 0.000003 0.063672 0.210366 -0.188090 -0.140599 0.233324 -0.006230 -0.145203 0.000023 0.039395 -0.350997 0.263642 0.031935 0.000009 0.000006 -0.000023 0.037738 0.002117 -0.000022 0.021484 0.000004 0.000011 -0.000000 0.033815 0.000005 0.514127 0.000010 0.166481 0.066426 0.126552 0.107627
-0.000198 -0.000411 0.000022 -0.000065 -0.000008 -0.000107 -0.000018 -0.000412 -0.000023 -0.000686 -0.000552 -0.000230 -0.000191 -0.000742 0.000004 -0.000463 0.000003 -0.000003 -0.000159 -0.000605 -0.000117 0.000125 -0.000478 -0.000065 -0.000006 0.000000 -0.000167 0.000038 -0.000182 -0.000003 0.000068 -0.000225 -0.000220 0.000057 -0.000005 0.000046 -0.000115 -0.000064 -0.000228 -0.000117 -0.000048 0.000073 -0.000056 -0.000381 -0.000071 -0.000123 -0.002247 0.000012 -0.000129 -0.000035 -0.000486 0.000012 0.000017 -0.000041 -0.000065 0.000069 -0.000131 -0.000194 -0.000164 -0.000175 -0.000697 -0.000791 -0.000151 0.000052 -0.000797 -0.000121 -0.000117 -0.000419 -0.000019 0.000012 -0.000300 -0.000354 -0.000020 0.000002 0.000009 -0.000327 -0.000389 -0.000205 0.000009 0.000009 -0.000346 -0.000004 -0.000530 -0.000129 0.000054 0.000054 0.000003 -0.000303 -0.000410 -0.001592 -0.000419 0.000027 -0.000303 -0.000067 -0.000079 0.000008 0.000006 -0.000011 -0.000562 0.000075 -0.000681 -0.000368 -0.000860 -0.000092 -0.000498 0.000013 -0.000988 -0.000829 -0.000040 -0.000081 -0.000006 0.000005 -0.000031 -0.000149 -0.000359 -0.000007 -0.000059 -0.000007 -0.000001 -0.000006 -0.000223 0.000021 -0.000425 0.000026 -0.000539 0.000246 -0.000203 -0.000156
-0.000012 -0.000326 -0.000016 -0.000000 -0.000009 -0.000021 -0.000028 -0.000238 -0.000062 -0.000065 -0.000109 -0.000280 -0.000011 -0.000111 -0.000055 -0.000036 0.000013 -0.000004 -0.000054 -0.000336 0.000003 -0.000019 -0.000011 -0.000157 0.000019 0.000006 -0.000026 0.000025 -0.000053 -0.000013 -0.000001 -0.000047 -0.000042 -0.000048 0.000008 -0.000040 0.000009 -0.000013 -0.000068 -0.000133 0.000001 0.000024 0.000007 -0.000085 -0.000012 -0.000074 -0.000356 0.000005 -0.000018 -0.000074 -0.000138 -0.000015 -0.000069 -0.000038 -0.000224 0.000011 0.000022 -0.000080 -0.000054 0.000017 -0.000134 -0.000017 0.000012 -0.000021 -0.000216 -0.000015 0.000004 -0.000233 -0.000013 0.000143 0.000001 -0.000289 0.000001 -0.000038 0.000005 -0.000339 -0.000070 -0.000085 -0.000038 0.000003 -0.000280 0.000013 -0.000009 -0.000311 -0.000003 0.000006 -0.000006 -0.000150 -0.000129 -0.000065 0.000014 -0.000070 -0.000167 -0.000024 -0.000041 -0.000003 -0.000048 0.000015 -0.000026 -0.000121 -0.000009 -0.000076 -0.000056 -0.000196 -0.000094 -0.000003 -0.000032 -0.000094 -0.000103 -0.000036 -0.000020 -0.000004 -0.000024 -0.000008 -0.000033 -0.000004 0.000007 -0.000014 0.000014 0.000002 0.000042 0.000016 -0.000368 0.000017 -0.000019 -0.000022 -0.000023 0.000006
-0.047987 0.007301 0.282961 -0.000043 0.603051 0.036067 0.000277 0.256227 -0.096859 0.131611 0.026689 -0.137320 -0.000050 -0.255871 0.577629 0.703434 -0.000002 -0.000004 -0.000891 -0.129238 0.193141 0.123355 0.080826 -0.195537 -0.000061 0.000001 0.021671 -0.000014 0.009258 -0.000006 0.348117 -0.080813 0.169063 0.520096 -0.000008 0.000277 0.353847 0.118409 0.456703 0.187539 0.000031 -0.051778 0.000002 0.023181 -0.144081 -0.070741 -0.097253 -0.000001 -0.136864 0.222065 0.093360 -0.000016 -0.217291 -0.000076 0.067592 -0.283082 0.000005 -0.012841 -0.099616 -0.025974 -0.237312 0.217336 -0.004008 0.614275 -0.519022 0.007920 -0.033329 0.032936 0.047410 -0.000059 0.181121 -0.375354 0.000006 -0.000004 0.000015 -0.053268 -0.121767 -0.155624 0.027255 0.000017 -0.178447 0.000001 -0.050368 0.048513 -0.000030 0.000020 0.000003 -0.430408 -0.218374 -0.177946 -0.292674 0.363840 -0.083841 0.434279 0.014233 0.167278 -0.137342 -0.000005 0.342197 0.575993 0.039383 0.123368 -0.332781 -0.176112 0.167360 -0.000011 0.186472 -0.120072 0.368846 -0.031585 -0.000010 0.000002 -0.000014 0.064230 -0.058616 -0.000012 0.009097 -0.000005 -0.000003 0.000015 0.244486 -0.000027 0.408721 0.000024 0.228575 0.479507 0.190966 0.171706
-0.254597 0.300164 -0.180568 -0.000047 0.082683 -0.359477 -0.001238 0.212131 -0.278589 -0.281046 0.431871 -0.182124 0.000101 -0.339359 0.039239 -0.251850 0.000012 0.000007 -0.017198 -0.344437 0.012597 -0.338560 0.123097 -0.270993 -0.000103 -0.000005 0.116861 -0.000038 0.043838 0.000006 -0.404389 -0.261675 -0.006920 -0.079037 -0.000008 0.000953 -0.291875 0.199921 -0.135775 0.023502 0.000032 -0.095074 -0.000027 0.290186 -0.161590 0.678824 -0.245063 0.000004 0.130465 0.144466 -0.470173 0.000014 -0.273182 0.000022 0.031136 -0.182959 0.000152 -0.126456 -0.123292 -0.330629 -0.508968 -0.513838 0.000586 -0.363074 -0.270164 0.239879 0.033236 0.330142 -0.145337 0.000008 -0.051811 0.318362 0.000011 -0.000061 -0.000000 0.082732 -0.116201 -0.031322 0.446272 0.000008 -0.325229 -0.000007 -0.031515 0.070689 -0.000012 -0.000021 -0.000012 -0.050793 0.084203 -0.452069 -0.323685 -0.234302 -0.279624 0.297404 0.525336 -0.040238 -0.216336 0.000009 -0.190686 0.110085 0.277736 -0.259977 -0.231125 -0.134066 -0.191150 -0.000009 0.098311 -0.125572 -0.089787 -0.394244 0.000009 0.000000 -0.000011 -0.009869 0.037099 -0.000001 0.005024 0.000000 -0.000000 -0.000008 0.114433 -0.000008 -0.282565 0.000033 -0.256670 0.175665 0.023268 0.320481
0.032504 -0.024872 0.034516 -0.000014 -0.118050 -0.011684 0.001658 -0.002487 0.004904 -0.001663 -0.042673 -0.049064 0.000111 -0.037571 0.010619 -0.012928 -0.000000 -0.000004 -0.067441 -0.110662 -0.005811 -0.061715 0.022481 -0.036883 0.000095 0.000006 -0.002464 -0.000082 -0.065386 -0.000010 -0.037394 0.014097 -0.003051 -0.089471 -0.000031 0.001312 0.044340 -0.017893 -0.036905 0.000276 -0.000058 0.012931 -0.000025 -0.092967 -0.099881 -0.047374 -0.056457 -0.000021 -0.010972 0.018714 -0.039269 -0.000033 -0.073419 0.000041 0.003455 0.013546 -0.000036 -0.052975 -0.094610 0.041855 -0.023353 -0.014982 0.004347 -0.045868 -0.100092 0.006240 -0.036368 -0.021184 -0.017676 0.000044 -0.041713 -0.097762 -0.000003 0.000033 -0.000020 -0.015373 -0.050292 -0.004361 -0.117712 0.000010 -0.029504 0.000002 -0.081668 -0.004617 0.000002 0.000024 -0.000019 -0.058918 -0.035432 0.000657 -0.053663 -0.030582 -0.008174 -0.022132 -0.037926 -0.063745 -0.051588 -0.000044 -0.044884 -0.005199 -0.012901 -0.048922 -0.012221 -0.002039 -0.091081 -0.000017 0.030130 -0.041728 0.063368 -0.058852 -0.000002 -0.000001 -0.000021 -0.030640 0.017153 -0.000022 0.001019 -0.000020 -0.000000 0.000006 -0.002879 0.000002 -0.043979 0.000015 -0.125982 0.031056 0.014285 -0.012235
0.207337 -0.029892 0.086089 -0.000055 -0.318568 -0.597228 0.000848 0.016884 0.091290 0.574361 -0.281574 -0.068687 -0.000051 0.129665 0.386331 -0.566998 0.000008 0.000004 -0.384523 -0.445477 -0.162825 -0.328536 -0.189733 -0.014402 -0.000076 0.000005 -0.130182 0.000009 -0.494557 -0.000007 -0.616417 -0.369855 0.080734 -0.094462 -0.000022 -0.000141 0.059543 0.129442 -0.480908 -0.085689 -0.000041 -0.147763 -0.000008 0.124157 0.131687 -0.136933 0.104292 -0.000007 0.264672 0.164559 -0.140189 0.000016 0.161184 -0.000011 -0.090037 -0.026390 -0.000029 -0.155401 -0.148443 0.298442 0.350244 -0.155204 0.019437 -0.375522 -0.580921 0.424400 -0.059404 -0.356043 -0.129667 0.000023 0.242526 0.271616 -0.000004 0.000038 0.000000 -0.261889 -0.033507 -0.144156 0.040293 -0.000007 -0.259717 -0.000015 0.483190 0.357762 -0.000015 0.000039 0.000001 -0.339924 0.007243 -0.059908 -0.097407 -0.149445 0.298088 0.006702 -0.189299 -0.437548 0.112231 -0.000014 -0.041732 0.032000 0.343622 0.210747 -0.443952 0.053009 -0.189814 0.000009 0.206151 -0.474198 -0.110499 0.011833 -0.000003 0.000015 -0.000025 0.006815 -0.317223 0.000005 0.014343 0.000010 -0.000011 0.000006 0.182370 -0.000003 -0.178020 -0.000001 -0.466015 0.275339 0.556281 0.196163
-0.237480 0.595907 0.055143 -0.000047 0.008575 -0.290553 -0.015668 -0.035481 -0.570497 -0.750152 0.007713 0.465642 -0.000013 0.428123 -0.186725 -0.172849 -0.000009 0.000008 -0.946345 -0.095026 -0.423122 0.264001 -0.601234 -0.057826 -0.000115 -0.000020 0.604389 -0.000006 -0.063281 -0.000022 0.205840 0.229262 -0.181288 0.048415 -0.000009 0.001529 -0.515130 -0.321018 -0.390000 -0.875913 -0.000129 0.152881 -0.000011 -0.924346 0.459486 0.130402 0.358421 -0.000013 -0.168356 -0.191743 -0.891800 0.000005 -0.201274 -0.000060 0.053223 -0.249067 0.000035 -0.521173 -0.230729 0.152024 -0.073448 -0.096078 -0.002650 -0.498924 -0.157217 0.030666 -0.033777 0.614412 0.430383 0.000053 -0.586666 0.468032 -0.000003 -0.000038 -0.000002 -0.556370 -0.028075 -0.224763 0.291368 -0.000003 -0.905775 0.000003 -0.223030 0.012152 0.000027 0.000075 0.000010 0.428339 -0.179043 -0.329436 -0.584012 -0.756266 -0.511142 -0.092890 -0.675730 0.081217 -0.159307 0.000023 0.654875 -0.337226 0.692493 0.367216 0.173474 -0.103633 -0.044255 0.000008 0.388055 -0.650034 -0.520752 0.129569 0.000005 -0.000015 -0.000059 0.005155 -0.574835 -0.000019 -0.034793 -0.000010 0.000004 -0.000002 -0.660334 0.000012 -0.083287 0.000005 0.636606 -0.051748 0.035062 -0.306998
-0.383339 -0.530835 0.082068 -0.000050 0.689562 -0.700741 -0.016890 -0.189809 -0.379147 0.239672 -0.490326 -0.518352 -0.000038 -0.639948 -0.256234 -0.818130 0.000008 0.000002 0.436975 0.199284 -0.221500 0.125742 -0.473174 -0.027097 0.000057 -0.000009 0.076919 0.000066 0.301714 -0.000013 0.665810 -0.629180 0.012311 0.662076 -0.000011 -0.001064 0.831796 0.268678 -0.601827 0.506715 0.000055 -0.624181 -0.000040 0.229743 -0.222968 -0.021067 -0.837501 0.000005 0.043184 0.010022 -0.358643 -0.000004 -0.094537 -0.000081 0.181828 -0.179945 -0.000006 -0.370468 -0.733459 -0.308834 -0.114478 -0.454892 -0.017050 0.436153 0.052642 -0.413648 -0.320115 -0.243929 0.455001 0.000025 -0.174398 -0.169982 0.000013 0.000016 -0.000010 0.473689 0.411548 -0.431590 -0.298130 -0.000004 0.692240 0.000050 0.129449 -0.244741 0.000018 0.000014 0.000008 0.120478 0.180931 -0.177916 -0.822421 0.559436 0.206789 0.533120 -0.059180 0.124061 -0.471644 -0.000003 -0.251800 -0.339999 0.061331 -0.233168 -0.631165 -0.349801 0.513777 0.000027 -0.209845 0.189183 -0.470277 0.342286 0.000000 0.000016 -0.000037 -0.010807 0.317059 0.000000 0.111494 -0.000009 -0.000002 0.000004 0.789975 0.000001 0.030316 -0.000002 0.062718 0.001516 -0.341978 0.305853
0.046647 0.053700 0.285652 0.000075 0.238175 0.082141 0.001134 0.295671 -0.116276 -0.204107 -0.062217 -0.002092 0.000054 -0.288359 0.352899 -0.313583 -0.000011 0.000004 -0.035860 -0.138097 0.138544 -0.204520 0.170515 0.452802 0.000021 0.000040 -0.026994 0.000005 0.257020 -0.000008 0.164232 -0.363920 -0.061848 0.038575 -0.000006 -0.001039 0.196606 0.119369 -0.136120 -0.017019 0.000027 0.046340 0.000004 0.090889 -0.187286 0.342529 0.221445 0.000006 -0.016396 -0.064518 -0.098758 0.000012 0.092945 -0.000014 0.212420 -0.218982 0.000086 -0.137055 -0.246222 -0.168347 -0.300773 -0.192254 0.000583 -0.041528 -0.333754 0.119788 -0.114967 0.044587 -0.191121 0.000037 0.177135 0.096708 0.000016 0.000048 -0.000012 0.116776 -0.039487 0.137718 -0.215447 -0.000001 0.082427 0.000021 0.016240 0.157835 0.000020 0.000038 0.000018 -0.091869 -0.294717 0.082292 0.008898 -0.016566 -0.320141 0.308222 0.457227 0.006311 0.103241 0.000023 -0.020737 0.059991 -0.075158 -0.165142 -0.286092 0.071111 -0.244865 0.000021 -0.294934 -0.638128 0.044343 -0.054149 -0.000010 -0.000002 -0.000043 0.011632 0.195202 -0.000009 0.001466 -0.000018 0.000012 0.000002 -0.146036 0.000016 0.482482 -0.000002 -0.122265 -0.377746 -0.001797 0.505694
-0.000067 -0.000014 -0.000008 -0.000027 -0.000024 -0.000023 -0.000016 -0.000015 -0.000015 0.000001 0.000002 -0.000023 -0.000005 -0.000057 -0.000011 0.000000 -0.000005 0.000005 -0.000029 -0.000052 -0.000005 -0.000060 -0.000000 -0.000016 -0.000010 0.000002 -0.000010 0.000013 -0.000018 -0.000000 -0.000018 -0.000065 -0.000070 -0.000004 -0.000000 -0.000010 -0.000022 -0.000024 -0.000012 -0.000001 -0.000006 0.000009 -0.000003 -0.000003 -0.000002 -0.000021 -0.000001 -0.000000 -0.000023 -0.000020 -0.000001 -0.000008 -0.000016 0.000007 -0.000010 -0.000005 -0.000017 -0.000079 -0.000046 -0.000008 -0.000013 -0.000081 -0.000037 -0.000000 -0.000202 -0.000022 -0.000016 -0.000009 -0.000013 -0.000006 -0.000177 -0.000005 -0.000007 -0.000015 -0.000004 -0.000011 -0.000020 -0.000021 -0.000018 0.000004 -0.000007 -0.000002 -0.000016 -0.000022 -0.000001 0.000006 -0.000006 -0.000008 -0.000029 -0.000034 -0.000001 -0.000008 -0.000086 -0.000028 -0.000020 -0.000006 -0.000060 0.000003 -0.000026 0.000001 -0.000018 -0.000013 -0.000012 0.000015 -0.000039 -0.000018 -0.000001 -0.000032 -0.000054 -0.000134 -0.000012 -0.000001 -0.000022 -0.000008 -0.000007 0.000006 -0.000014 0.000003 -0.000000 0.000001 -0.000011 0.000009 -0.000005 -0.000003 -0.000009 -0.000007 -0.000042 -0.000056
-0.004797 -0.001343 0.000725 0.000068 -0.001384 -0.004331 0.001366 -0.008529 -0.002588 -0.002169 -0.000254 -0.002682 -0.000215 -0.013386 -0.001968 -0.000429 -0.000013 0.000003 -0.006349 -0.010932 0.000508 -0.004566 0.000275 -0.001881 0.000055 0.000021 -0.001914 -0.000010 -0.000779 -0.000014 -0.006638 -0.006259 -0.011869 -0.001242 -0.000005 -0.000501 -0.007182 -0.000030 0.000573 -0.009514 -0.000030 0.000357 -0.000025 -0.004479 -0.016475 0.000327 -0.012888 -0.000011 -0.001809 -0.003706 -0.008688 0.000010 -0.000704 0.000006 -0.001041 -0.001311 0.000138 -0.001944 -0.001926 0.000073 -0.001844 -0.003262 0.000190 0.001000 -0.016638 -0.008499 -0.000436 -0.010722 -0.001602 -0.000017 -0.004549 -0.013718 -0.000021 -0.000004 -0.000007 0.000898 -0.001693 -0.002480 -0.000589 0.000001 -0.013267 0.000012 -0.000062 -0.003916 0.000020 0.000029 -0.000020 -0.005963 -0.009434 -0.010395 0.000203 -0.003106 -0.007910 -0.004973 -0.004089 -0.001847 -0.004852 0.000018 -0.003267 -0.001291 -0.001072 -0.003990 -0.006402 -0.005506 -0.012119 0.000006 0.000317 -0.004321 -0.002827 -0.003005 -0.000017 -0.000007 -0.000017 -0.000324 0.003397 0.000011 0.000994 0.000010 -0.000001 0.000002 -0.002371 -0.000015 -0.004426 -0.000001 -0.001375 -0.000180 -0.003778 -0.002539
-0.004196 0.013294 0.000819 0.000263 -0.071349 -0.008311 0.001218 -0.008072 -0.001783 -0.005430 -0.046158 0.003214 0.000184 -0.008564 0.002600 -0.011394 0.000018 0.000013 -0.076842 -0.064714 -0.011372 0.009854 0.001552 -0.002358 0.000026 0.000006 -0.025774 0.000007 -0.030997 -0.000001 -0.003746 -0.016979 0.006471 -0.011781 0.000011 0.000159 0.003248 0.000320 0.001121 0.004744 -0.000093 0.003086 0.000034 -0.005015 -0.065836 -0.003422 -0.013855 0.000015 -0.001388 -0.060935 -0.012132 -0.000000 -0.006553 0.000026 -0.003293 -0.000417 0.000058 -0.066565 -0.093735 -0.001011 -0.003077 -0.009640 -0.002928 -0.009290 -0.128395 0.005410 0.004078 -0.071679 -0.010928 0.000019 0.054914 -0.060133 0.000012 -0.000033 0.000020 -0.013704 -0.074229 -0.019132 -0.007133 -0.000001 -0.013896 0.000015 -0.009662 0.000217 -0.000001 0.000027 0.000016 -0.051390 -0.093856 -0.007503 -0.061807 -0.001006 -0.006788 0.007088 -0.004048 0.003387 -0.034832 0.000004 -0.015405 -0.000661 0.028135 -0.040937 -0.061021 0.002479 -0.069015 -0.000003 -0.001432 -0.034405 0.003023 -0.070175 -0.000002 0.000018 0.000009 0.000537 0.000278 0.000001 0.000474 -0.000007 0.000005 -0.000016 -0.003882 -0.000022 -0.056566 0.000031 -0.011108 -0.006915 -0.004945 0.019229
