-0.021298
-0.499517
-0.002266
-0.000123
0.229944
-0.038201
-0.000866
-0.488495
-0.095109
-0.300053
-0.418997
-0.000229
-0.494163
-0.498458
-0.368919
-0.670246
-0.433994
-0.000126
-0.324629
-0.315143
-0.462202
-0.041134
1.843086
-0.059732
-0.000224
-0.947773
-0.055264
-0.948537
-0.559056
0.104608
-0.000097
-0.671645
-0.011114
-0.039871
-0.000057
-0.832421
-0.000219
-0.364394
-0.408759
-0.001309
0.225469
-0.000130
-0.513943
-0.000485
-0.058110
-0.167650
-0.112532
-0.883676
-0.590103
0.691008
-0.020033
-0.732763
-0.001918
-0.000465
-0.685230
-0.531067
-0.240736
-0.076758
-0.184208
-0.562209
-0.543421
-0.000101
-0.024001
-0.091886
