-0.492528 -1.235890 -0.000394 -0.000003 -0.294757 -0.722191 -0.000390 -1.544384 -0.004838 -0.655735 -0.163805 -0.000028 -0.472050 -0.139454 -0.484068 0.118198 -0.432302 0.000003 -0.500025 -0.444129 -0.005145 -0.011770 -0.231391 -0.005226 -0.000044 -0.238617 -0.011062 -0.364664 -0.674881 0.021098 0.000055 -0.358469 -0.002873 -0.004469 -0.000005 -0.423794 -0.000101 -0.491799 -0.418160 -0.000397 -0.623236 -0.000001 -2.215537 -0.000098 -0.032890 -0.024273 -0.547295 -0.293133 -0.566704 0.824478 -0.004085 -0.497612 -0.000401 -0.000042 -0.986430 -0.081964 -0.091918 -1.605815 -0.406757 -0.182366 0.034384 0.000080 -0.003739 -0.027457
0.035351 -0.207415 -0.001462 -0.000039 -0.490336 -0.580897 -0.000116 0.022923 -0.006788 -0.702841 -1.031950 -0.000037 -0.668519 -0.088374 -0.401857 -0.500966 -0.473651 -0.000020 -0.767310 -0.707044 -0.055410 -0.009242 -0.376676 -0.000912 -0.000066 -0.220166 -0.010829 -0.547039 -0.421557 -0.093048 -0.000047 -0.699794 -0.007378 -0.013776 -0.000003 0.110114 0.000054 -0.418846 -0.800960 -0.000137 -0.604011 -0.000042 0.339872 -0.000442 -0.022940 -0.069613 0.629482 -0.293766 -0.734974 -0.432047 -0.006099 -0.893604 -0.000386 -0.000066 -0.178791 -0.872068 -0.150178 -0.797255 -0.444663 -0.605224 -1.045071 0.000000 -0.016535 -0.045044
-0.323023 -0.056011 0.000219 -0.000024 -0.777062 -0.417556 -0.000147 -0.343316 -0.024760 -0.261668 -0.308975 -0.000088 -0.489151 -0.051400 -0.648220 -0.433700 0.204258 0.000026 -1.138716 -0.649350 -0.061877 -0.004437 -0.420224 -0.007027 -0.000088 -0.239996 -0.004577 -0.536076 -0.603528 -0.470190 -0.000036 -0.426489 -0.004687 -0.021188 0.000002 -0.644392 -0.000018 0.191662 -0.288150 0.000178 -0.399685 -0.000035 -0.235847 -0.000056 -0.020567 0.020887 -0.824312 -0.245874 -0.482335 -0.405664 0.000508 -0.841037 -0.000396 0.000052 -0.377569 -0.552649 -0.086076 -0.460901 -0.452955 0.695504 -0.378649 -0.000011 0.002766 0.018554
-0.069982 0.067283 -0.001844 -0.000077 -0.465078 -0.282575 -0.000439 0.118289 -0.025580 -0.089174 -0.546392 -0.000292 -0.764156 -0.084518 0.041554 -0.618170 -0.496805 0.000074 -0.624873 -0.327978 -0.160868 -0.012630 -0.537164 -0.040477 0.000226 -0.248705 -0.012422 -0.191110 -0.364627 -1.088158 -0.000053 -0.455225 -0.006922 -0.008436 -0.000009 -0.378287 0.000030 -0.074085 -0.247396 -0.000314 0.677642 -0.000048 -0.235572 -0.000070 -0.004958 -0.046825 -0.724011 -0.473698 -0.272473 -0.790256 -0.004221 -0.600006 -0.000094 -0.000040 -0.588827 -0.626268 -0.219617 0.211003 -0.907335 -0.253683 -0.725373 -0.000042 -0.004663 -0.072372
0.148268 -0.418753 -0.000090 -0.000001 -0.581084 -0.387092 -0.000130 -0.207906 -0.001295 -0.526818 -0.097553 0.000068 0.165367 0.017164 -0.473971 -0.321709 -0.201274 -0.000077 -0.553523 -0.605845 -0.129788 -0.003128 -0.315322 -0.015465 -0.000048 -0.099722 -0.012215 -0.622595 -0.609454 -0.445340 -0.000024 -0.181657 -0.007802 -0.007690 -0.000031 -0.138326 0.000276 -0.509517 -0.692232 -0.000286 -0.655067 -0.000013 -0.707714 0.000237 -0.002687 -0.025615 -0.177968 -0.124395 -0.515746 -0.428186 -0.012309 -0.233333 0.000151 -0.000073 -0.885169 -0.194716 0.002073 -0.734586 0.758170 -0.127097 -0.435954 -0.000004 -0.007008 -0.059627
-0.607595 -0.053769 0.001005 -0.000087 -0.204752 -0.663398 0.000187 -0.289843 -0.039261 -0.531240 -0.488497 -0.000047 -0.902320 -0.054473 -0.052076 -0.489196 -0.197847 -0.000025 -0.367550 0.728056 -0.129613 -0.010112 -0.392478 -0.004798 -0.000046 -0.186186 -0.023771 -0.048881 -0.333501 -0.661039 -0.000060 -0.417253 -0.007641 -0.004701 -0.000006 -0.021121 -0.000053 -0.558963 -0.780600 -0.000060 -0.323090 0.000014 -0.509327 -0.000039 -0.005192 -0.050165 -0.991722 -0.317917 -0.678873 -0.332508 -0.007942 -0.126093 -0.000536 -0.000015 -0.125777 -0.545778 -0.116285 -0.359214 -0.646731 -0.741545 -0.638116 0.000016 -0.014500 -0.041372
-0.549008 -0.612229 -0.000279 -0.000026 -0.657768 -1.436742 -0.000308 -0.382571 0.005448 -0.004970 -0.170068 -0.000092 -0.549162 0.008872 -0.376701 -0.448889 -0.062456 -0.000024 -0.819387 -0.029804 -0.060504 -0.010743 -0.278711 -0.003052 -0.000039 -0.131749 0.022584 -0.355875 -0.719990 0.782753 0.000005 0.058717 -0.002329 -0.000942 -0.000001 -0.273018 0.000049 -0.367114 -1.058092 -0.000701 -1.258733 0.000014 -0.924391 -0.000327 -0.008926 -0.069676 -0.717122 -0.083212 -0.487829 -0.604953 -0.005609 -0.322931 -0.000561 -0.000018 -0.735919 -0.454593 -0.085017 -0.324529 -0.409176 -0.610809 -0.548192 0.000023 -0.009544 0.045371
-0.275430 -0.599192 -0.000763 -0.000009 -0.468500 0.668100 -0.000327 -0.409936 0.077251 -0.896932 -0.253585 -0.000265 -0.857387 -0.059503 -0.409127 -0.311404 -0.103310 -0.000051 -0.105759 -0.702638 -0.052303 -0.015227 -0.621783 -0.043763 -0.000313 -0.174847 -0.004480 -0.433902 -0.224068 -1.305696 -0.000045 -0.443989 -0.002171 0.000118 0.000001 -0.434127 0.000055 -0.738148 -0.140089 -0.000252 -0.279571 0.000084 -0.123414 -0.000301 -0.000759 -0.072119 -0.026605 -0.152836 -0.045690 -0.515223 -0.004084 -0.456042 0.000132 0.000262 -0.279859 -0.725354 -0.072781 0.124323 -0.565210 -0.194183 -0.091094 0.000010 0.002907 -0.040815
-0.193860 -0.528701 -0.000873 0.000069 -0.136306 -0.497408 -0.000570 -1.350705 -0.009739 -0.559941 -0.957040 -0.000075 -0.577687 -0.061444 -1.056696 -0.566255 -0.380224 -0.000024 -0.943150 -0.349309 -0.349759 -0.040848 0.974104 0.003733 -0.000069 -0.284626 -0.010218 -0.666510 -0.819696 -0.588972 -0.000043 -1.089911 -0.001744 -0.011144 0.000031 -1.067893 -0.000030 -0.898484 -1.396010 -0.000865 -0.261533 -0.000051 -1.059123 -0.000477 -0.010614 -0.067816 -0.259194 -0.351263 -1.181074 -0.735384 -0.014002 -1.321189 0.000058 0.000005 -1.070125 -1.547443 -0.198522 -0.745682 -0.696948 -0.528188 -0.979312 0.000006 -0.003556 -0.082503
-0.116339 -0.593740 -0.000177 -0.000012 0.850644 -0.204411 -0.000373 -0.620016 -0.082837 -1.155680 -0.016455 0.000396 -0.233803 -0.108699 -0.073853 -0.034788 -0.397865 0.000003 -0.220181 -0.540042 0.004205 -0.010299 -0.659799 0.029351 0.000012 -0.227444 -0.004427 -0.801742 -0.046217 -0.940533 -0.000127 -0.534210 -0.009360 -0.005074 0.000034 -0.507454 -0.000315 -0.921917 -0.022305 -0.000067 -0.231825 -0.000005 -0.560409 -0.000286 -0.009378 -0.085913 -0.272496 -0.175660 -0.129212 -0.185472 -0.000551 -0.101125 -0.000454 -0.000258 -0.535114 0.085503 -0.139239 -0.301543 -0.179481 -0.849772 -0.085140 -0.000088 -0.010159 -0.062640
