-0.656714
-0.007333
-0.110447
-0.334331
-0.041722
-0.630969
-0.151513
-0.001496
-0.004286
-0.004318
-0.002629
-0.452817
0.044464
-0.178036
-0.002837
-0.259424
-0.001198
-0.013013
-0.005018
-0.004349
-0.002548
-0.298493
-0.090246
-0.073673
-0.425296
-0.058064
-0.003167
-0.144897
-0.006681
-0.139605
-0.040102
-0.037535
-0.003136
0.096191
-0.299550
-0.019098
-0.239862
-0.054614
-0.105129
-0.591820
-0.443595
-0.431031
-0.001672
-0.009577
-0.400907
-0.094906
-0.006175
-0.307523
-0.151036
-0.635153
-0.012646
-0.002124
-0.228554
-0.003136
-0.001824
-0.012756
-0.269265
-0.002982
0.026457
-0.294607
-0.015075
-0.005604
-0.193653
-0.220709
-0.270110
-0.002124
-0.256065
-0.807056
-0.001635
-0.133328
-0.006788
-0.545509
-0.001777
-0.119767
-0.401501
0.120950
-0.386712
-0.233418
-0.003506
-0.023468
-0.388685
-0.127189
-0.008403
-0.028426
0.281524
-0.008100
-0.376736
-0.686621
-0.009604
-0.535604
0.178230
-0.533336
-0.001385
-0.000933
-0.624068
-0.329126
-0.174693
-0.461068
-0.415660
-0.028864
0.238905
-0.007606
0.135226
-0.010058
-0.678487
-0.356090
-0.166142
-0.001034
0.160647
-0.252558
-0.395961
-0.127469
-0.208746
-0.003560
-0.006317
-0.014644
-0.000981
-0.002828
-0.284854
-0.144986
-0.178904
-0.103970
-0.120280
-0.077716
-0.288789
-0.000939
-0.188161
-0.101454
-0.117455
0.022835
-0.256800
-0.581854
-0.002628
-0.001104
-0.476339
0.172543
-0.002610
-0.155045
0.137619
-0.002533
-0.143057
-0.100003
-0.005477
-0.075431
-0.095142
-0.382892
-0.499627
0.051914
-0.001942
-0.281203
-0.101850
-0.381303
-0.007457
-0.002489
-0.008356
-0.184852
-0.002015
-0.010716
-0.056271
-0.001685
-0.051035
-0.451250
-0.211047
-0.245004
-0.623002
-0.378146
-0.225658
-0.001969
-0.002175
0.417379
-0.200913
-0.008145
-0.008839
-0.487450
-0.349250
-0.112474
-0.012385
-0.215671
1.928391
-0.142817
-0.102588
-0.001892
-0.003043
-0.683993
-0.028819
-0.299474
-0.004990
-0.162210
-0.008254
-0.001343
-0.172373
-0.014958
-0.177080
-0.003381
-0.828185
-0.193644
-0.324877
-0.002114
-0.390688
-0.002860
-0.015264
-0.006971
-0.299958
-0.023892
-0.363066
-0.210496
-0.002575
-0.151861
-0.000968
-0.001837
-0.268013
-0.001870
-0.255578
-0.002400
-0.197325
-0.083302
-0.004891
-0.273147
-0.565116
-0.025758
-0.002586
-0.000781
-0.005670
-0.002594
-0.372928
-0.332290
-0.021331
-0.010996
-0.002602
-0.412849
-0.197284
-0.194294
-0.295663
0.251121
-0.016527
-0.014159
-0.012718
-0.925364
-0.002845
-0.098254
0.293602
-1.078976
-0.002544
-0.110320
0.099305
-0.121655
-0.353468
-0.203560
-0.147674
-0.173822
-0.022845
-0.625287
-0.234191
-0.047942
-0.002096
-0.020701
