-0.528944
-0.721344
-0.030521
-0.476095
-0.043568
-0.436420
-0.608368
-0.026588
-0.707402
-0.340932
-0.318910
-0.068880
-0.163433
-0.571603
-0.185694
-0.567807
-0.770023
-0.386935
-0.069144
-0.080325
-0.902763
-0.559941
-0.629617
-0.098336
-0.346308
-0.066582
-0.038302
-0.005485
-0.127312
-0.099916
-0.616126
-0.704957
1.683617
-0.222668
-0.398284
-0.414704
-0.048525
-0.129211
-0.498770
-0.820509
-0.039766
-0.325892
-0.516572
-0.084055
-0.058975
-0.217303
-0.304285
-0.038331
-0.330480
-0.390627
-0.013321
-0.694913
-0.015761
-0.110962
-0.057133
-0.488104
-0.792819
0.405387
-0.210548
-0.297630
0.584838
-0.904228
-0.109014
-0.672266
-0.206529
-0.047765
-0.047264
-0.742589
-0.086318
-0.180989
-0.307471
-0.345924
-0.426838
-0.295632
-0.109458
-0.422512
-0.464748
-0.065596
-0.784663
-0.261224
-0.217508
-0.224855
-0.031081
-0.059809
-0.067958
-0.654582
-0.257834
-0.786866
-0.101840
-0.609251
-0.680183
-0.126654
-0.495704
-0.697815
-0.105385
-0.012585
-0.144062
0.170724
-0.240758
-0.169154
-0.346976
-0.616103
-0.023666
-0.036023
-0.922751
0.726322
-0.189708
-0.320366
-0.565153
-1.009989
-0.448667
-0.636168
-0.198459
-0.218863
-0.458433
-0.092482
-0.024783
-0.426410
-0.324637
-0.620421
-0.032581
-0.342492
0.170141
-0.814857
-0.044848
-0.009301
-0.696220
-0.379189
