-0.237225
-0.170868
-0.088361
-0.473197
-0.072394
-0.667173
-0.131330
-0.102505
-0.704476
-0.096218
-0.096747
-0.541476
-0.353753
-0.694760
0.248663
-0.232359
-0.016369
-0.821302
0.595718
-0.134793
0.596813
-0.377290
0.569937
1.960095
-0.798285
-0.593004
-0.032879
-0.535529
-0.674384
-0.085256
-0.565373
-0.577972
-0.041936
0.321925
-0.880374
-0.067207
-0.720623
-1.027738
-0.386313
-0.549302
-0.100111
-0.439832
1.253796
-0.090430
-0.436939
0.073303
-0.470352
-0.356652
-0.427119
-0.134180
-0.049349
-0.376773
-0.173418
0.043025
-0.054195
0.831868
-0.321802
-0.049171
-0.301710
-0.114231
-0.964060
-0.085287
-0.443543
-0.374112
