-0.074098 0.122571 -0.004585 -0.010916 -0.010826 -0.002146 -0.079961 -0.001496 -0.046776 -0.074614 0.079433 -0.013223 -0.103944 -0.001843 -0.007730 -0.004756 -0.066825 -0.008283 -0.005347 -0.008927 -0.000496 -0.078419 -0.213594 -0.000431 -0.104157 -0.002796 0.001087 0.001205 -0.002442 -0.122320 -0.013917 0.001781 -0.213065 -0.012240 0.052164 -0.009662 -0.016111 0.000345 -0.082956 -0.068727 0.001684 -0.038314 -0.006126 0.000757 0.001430 -0.012694 0.000833 -0.002035 -0.000562 -0.050154 0.001676 -0.073946 -0.001918 0.000266 0.012664 -0.062827 -0.009601 -0.277457 -0.001001 -0.053250 -0.181797 -0.001858 -0.019456 -0.006342 -0.007732 0.006290 -0.009498 -0.010805 -0.000379 -0.011202 0.014972 0.000893 -0.005269 -0.138676 -0.000435 0.000963 -0.005330 -0.004745 -0.062644 -0.019865 -0.013332 -0.034311 -0.013353 -0.004505 -0.000198 -0.007955 0.001691 -0.069801 -0.003440 -0.046804 -0.009044 -0.008438 0.067888 0.036464 0.000750 -0.007333 -0.000284 -0.026631 -0.008577 -0.005871 -0.063552 -0.078391 -0.002256 -0.003045 -0.003435 -0.052344 -0.011173 -0.162016 0.171938 -0.124583 -0.011565 -0.002938 -0.007652 -0.263285 -0.079723 -0.000736 -0.000747 0.000604 -0.004896 0.039774 -0.016330 0.183553 -0.186824 0.001697 -0.003621 -0.001630 0.013987 -0.001905
-0.006308 -0.024280 -0.000512 0.005152 -0.003315 -0.004703 -0.072528 -0.002047 -0.077441 -0.008519 -0.157642 -0.010390 -0.049362 -0.042015 -0.014490 -0.008971 -0.000203 -0.004155 -0.002440 -0.001771 -0.002436 0.001064 -0.058200 0.000058 -0.076934 -0.012656 -0.001760 0.000086 -0.003236 -0.015558 -0.007573 -0.005310 -0.082606 -0.013739 0.002643 -0.003926 -0.002214 0.015740 -0.003707 -0.010208 0.005998 -0.000029 -0.000524 -0.002705 0.002491 -0.010757 0.000836 -0.003721 -0.009186 -0.015887 -0.000980 -0.002605 -0.004262 0.007948 -0.009829 -0.062271 -0.005808 -0.053045 -0.000499 0.006373 -0.033080 -0.000744 -0.003877 -0.000035 -0.015718 -0.001935 -0.005488 -0.010873 0.001313 -0.005128 -0.005222 0.002857 -0.047987 -0.021421 0.000198 -0.000355 -0.005936 0.000111 -0.112697 -0.006057 -0.008787 0.002611 -0.004770 -0.000091 0.014826 -0.039571 -0.017213 -0.004871 -0.001922 -0.002652 -0.006850 -0.006825 -0.004150 -0.003304 -0.004152 -0.051588 0.001991 -0.037082 -0.001043 -0.004719 0.023514 -0.015345 -0.000576 -0.006436 -0.004889 0.006683 -0.000751 -0.012858 -0.000045 -0.005877 -0.013013 -0.000865 -0.001251 -0.070289 -0.004035 -0.005543 -0.003782 -0.002667 -0.005290 -0.001572 -0.001062 -0.017891 -0.051114 0.036803 -0.002303 -0.001152 0.000281 0.003432
0.001460 -0.024600 -0.003440 -0.001181 -0.011119 -0.000416 0.001813 -0.000120 0.000229 0.001000 -0.005436 -0.007215 -0.011519 -0.007772 -0.001671 -0.003682 -0.003599 -0.003778 -0.007597 -0.014474 -0.002293 -0.000264 -0.007366 -0.004326 -0.005333 0.000901 -0.001020 0.002615 -0.008066 -0.013245 -0.007895 -0.001993 -0.009991 -0.005712 -0.006250 -0.006205 -0.018368 0.000149 -0.001549 -0.001129 -0.003886 -0.029600 -0.012693 0.000727 0.000284 -0.010488 0.000507 -0.007629 0.000004 -0.007940 -0.001053 -0.000702 -0.004727 0.006368 -0.001740 -0.005604 -0.009639 -0.073086 0.000761 -0.054642 -0.007646 -0.000349 -0.017777 -0.013607 -0.006686 -0.007948 -0.008717 -0.007446 -0.015122 -0.010355 -0.005796 -0.001489 -0.009263 0.003351 -0.003960 -0.000931 -0.004317 -0.002782 -0.009437 -0.013287 0.000584 0.000587 -0.002686 0.002150 -0.007845 -0.004372 0.000662 -0.004580 -0.007097 -0.006813 -0.002626 0.000998 -0.017852 -0.001402 -0.031852 -0.074327 0.000640 -0.015634 -0.000285 -0.010542 -0.004902 -0.000020 -0.000525 -0.011361 -0.007360 -0.015600 -0.004620 -0.006886 -0.004692 0.000689 -0.004754 -0.003856 -0.012502 -0.079460 -0.002738 -0.001065 -0.003667 -0.012113 -0.003675 -0.002014 -0.008750 -0.003449 -0.015687 0.000587 -0.010252 -0.001251 -0.000534 -0.002975
-0.013492 -0.103782 -0.016419 0.019163 0.009551 -0.002086 0.012353 0.006665 0.018200 -0.029551 -0.017758 -0.007119 -0.142870 0.008181 -0.016620 -0.029237 0.109007 -0.003115 -0.018863 0.000799 0.127679 0.011774 -0.229597 -0.008694 -0.152879 -0.024441 0.001553 0.000575 -0.003538 -0.126084 -0.008816 0.021830 -0.129181 -0.009942 0.005240 -0.010625 -0.000176 0.002065 -0.074608 -0.031277 -0.016629 -0.024695 0.001748 -0.008863 -0.001291 -0.030479 -0.027314 0.001772 -0.000041 -0.118286 -0.000174 0.001830 -0.007945 -0.000131 0.005434 -0.022845 -0.022412 -0.103372 -0.008128 -0.022989 -0.173479 -0.083830 0.000715 -0.095123 0.004127 -0.000121 -0.020029 -0.065460 0.006670 -0.003567 -0.013112 0.009986 0.080424 -0.022402 -0.018139 -0.002461 0.014144 -0.022506 -0.201850 -0.021369 -0.001253 0.027166 -0.004673 -0.000315 -0.008406 -0.002979 -0.031262 -0.003035 -0.029189 -0.004514 -0.007990 -0.024194 -0.004363 0.002746 -0.015357 -0.021515 -0.021898 -0.189798 -0.027354 0.001411 -0.008430 -0.001453 -0.002581 -0.002616 0.053179 -0.139583 0.010295 -0.099958 -0.004417 -0.001081 -0.005862 0.008743 -0.021491 -0.203350 -0.013804 0.024762 -0.002038 -0.054692 -0.032725 -0.000480 -0.002418 -0.004574 -0.114489 0.015252 0.003859 0.000833 0.163425 0.014821
-0.027293 -0.047069 0.014104 0.020557 -0.019635 0.007011 -0.007872 -0.005609 -0.013564 -0.013893 -0.014261 -0.016373 -0.038160 0.002271 -0.008953 -0.008732 0.007499 -0.012264 0.000137 -0.002381 -0.007679 0.010915 -0.023204 -0.030796 -0.030622 -0.001487 0.001605 0.001192 0.006685 -0.028665 -0.001976 -0.000553 -0.049520 -0.024579 0.002922 -0.015348 -0.020144 0.001446 -0.012752 -0.010354 0.001772 -0.009087 0.000639 -0.003105 -0.003924 -0.013907 -0.021200 -0.008668 -0.002405 -0.019527 0.001923 0.008101 0.004162 0.007557 -0.019146 -0.040055 0.001347 -0.013952 -0.013132 -0.003606 -0.012319 -0.016984 -0.015796 -0.005848 -0.038155 0.006538 -0.010041 -0.013424 0.020988 0.003905 -0.002095 0.021619 -0.024344 -0.011544 0.004425 0.000346 0.005068 0.014172 -0.025346 -0.012777 0.004332 -0.000024 -0.002761 -0.016645 0.002198 -0.028780 -0.002218 0.015010 -0.000598 -0.004075 0.001480 0.005162 0.004531 0.006471 -0.017495 -0.031722 0.000712 -0.006375 0.008469 -0.003696 -0.017171 -0.026498 0.020329 -0.000336 -0.021692 -0.022204 -0.006407 -0.029977 0.006640 -0.008379 -0.031554 0.028207 -0.010130 -0.012227 -0.007559 0.008561 0.002615 -0.010930 -0.002037 0.016853 0.010100 0.006514 -0.016466 -0.038050 -0.011792 -0.015789 0.010189 0.019908
-0.163895 0.135845 -0.010551 -0.078340 -0.017300 -0.072197 0.008959 -0.000015 0.169711 -0.065627 -0.074086 0.007791 -0.318301 0.048112 -0.033765 -0.172492 0.025389 0.181320 -0.005972 -0.002813 0.090801 0.090599 -0.197963 0.000714 0.036914 -0.010246 0.002106 0.000395 -0.020770 -0.158745 -0.063519 -0.302310 -0.188315 -0.079726 -0.105278 0.360667 -0.013150 0.001862 -0.097586 -0.054553 -0.008679 0.052807 0.012319 -0.004261 0.008386 0.055997 0.015296 -0.033506 -0.038370 0.087498 -0.000626 -0.099149 -0.013535 -0.020734 -0.002464 -0.165220 0.078957 -0.000564 -0.003900 0.013970 -0.153670 0.020911 -0.024680 0.385459 0.005499 -0.019287 0.019069 0.035469 -0.002456 -0.012188 -0.068673 -0.019313 -0.222763 -0.042392 0.009465 0.075739 -0.040258 -0.023839 -0.102574 -0.063885 -0.001678 0.006583 0.010115 0.005787 0.009381 -0.001449 -0.019306 -0.311257 -0.015770 0.377914 0.154876 0.009970 0.225578 0.451559 -0.031494 0.003780 -0.029769 -0.275166 0.058214 -0.001665 -0.021123 0.162896 -0.003662 -0.004293 0.135104 0.038960 -0.007372 -0.124482 -0.105359 -0.078351 -0.179723 -0.325732 0.014063 -0.228206 -0.153383 -0.012891 0.003806 0.027999 -0.007499 -0.345937 -0.007664 0.000317 -0.179484 0.032811 -0.004936 -0.000042 0.218735 -0.038820
-0.051776 -0.037732 -0.003741 -0.002337 0.002220 0.006250 -0.007721 -0.003796 0.000089 -0.009064 -0.061723 -0.005207 -0.196288 0.072402 -0.012576 -0.009815 -0.003228 0.005967 -0.011464 -0.003864 -0.006732 -0.003016 -0.288231 -0.011248 -0.083624 -0.006348 -0.000610 -0.001012 -0.001329 -0.054795 0.027031 -0.005812 -0.070149 -0.010334 -0.003283 -0.004118 -0.009742 0.000345 -0.002966 -0.001676 0.001926 -0.157796 -0.022242 -0.000596 0.010498 -0.135053 -0.031589 -0.001234 -0.043614 -0.061499 0.000349 -0.002480 -0.003932 -0.002378 -0.005417 -0.075939 -0.108067 -0.042492 -0.049829 -0.014196 -0.114057 -0.061848 -0.010156 -0.003444 -0.059424 0.000762 -0.017826 -0.053106 0.009139 -0.008077 0.061548 -0.001327 -0.010224 -0.057212 0.000663 -0.001919 -0.001621 -0.002988 -0.070706 -0.005488 -0.001093 -0.017955 -0.000218 -0.001174 0.000866 -0.028408 0.000873 -0.018205 0.000563 -0.012694 -0.000780 -0.004135 -0.004907 0.030222 -0.013597 -0.047638 0.002009 -0.060627 -0.002290 -0.065037 -0.059463 -0.006773 -0.003997 -0.003379 0.000441 -0.005410 -0.008130 -0.092090 -0.061354 -0.017087 0.216376 0.003416 -0.000919 -0.154479 -0.007850 -0.016983 -0.001068 -0.024233 0.000151 -0.000995 -0.002526 -0.000579 -0.090412 -0.013917 -0.001154 -0.005131 -0.001628 -0.035304
-0.014547 -0.049347 -0.000634 0.010504 0.003192 -0.003840 -0.001618 0.000697 0.000027 0.000138 -0.049942 -0.014897 -0.076157 -0.023959 -0.024184 0.003330 -0.001354 -0.017289 -0.006559 0.000271 -0.027736 -0.056232 -0.029953 -0.039787 -0.047079 -0.000822 0.001795 -0.000820 0.028860 -0.048622 -0.035198 -0.012500 -0.022207 0.000749 -0.014444 0.017266 0.022772 -0.001869 -0.000284 0.002732 -0.002043 -0.055112 -0.012442 0.016172 -0.003386 -0.016213 -0.020104 -0.014725 -0.000869 -0.067507 -0.000672 0.000563 -0.002975 0.000143 -0.004097 -0.029256 -0.053464 -0.033329 0.016544 -0.052878 -0.023014 -0.017046 0.080676 0.011487 0.026550 -0.023363 -0.027643 -0.004199 0.002768 -0.024165 -0.021410 -0.018681 -0.047341 -0.005072 0.007258 -0.045045 -0.009969 -0.002155 -0.011928 -0.016971 0.013894 -0.053448 0.023113 -0.002575 -0.004149 -0.002989 -0.006260 -0.007799 -0.018184 0.000243 -0.004429 0.014289 -0.020241 -0.033168 -0.003191 -0.064501 -0.003013 -0.028337 -0.004582 -0.002751 -0.012636 0.016307 -0.003061 -0.002612 -0.038493 -0.043989 -0.003426 -0.044278 -0.016514 0.004555 -0.029821 -0.003899 0.005385 -0.030233 -0.022821 -0.004037 0.000132 0.000098 0.016041 -0.003661 -0.002084 -0.003759 -0.067722 0.035728 -0.001754 0.000279 0.000590 -0.029964
0.115408 0.015683 -0.017294 -0.006549 -0.005859 -0.005586 0.421903 -0.009668 0.167898 -0.003873 0.107080 -0.018980 0.023445 -0.246181 -0.021979 -0.477994 0.032892 0.067488 0.002134 -0.008475 0.028691 0.015285 -0.019788 0.008059 -0.355513 -0.012448 0.017638 0.000551 -0.029887 -0.178128 0.352045 -0.170532 -0.034754 -0.074796 -0.081728 0.129279 -0.002213 0.015219 0.051626 -0.017149 0.004420 -0.126540 -0.225428 -0.002029 -0.003158 -0.209464 -0.008744 -0.011076 0.073134 0.229106 0.001447 -0.053991 -0.007103 -0.018215 -0.012896 -0.345043 -0.021191 -0.416230 -0.019431 -0.004974 -0.569754 -0.027291 -0.001199 0.058770 0.002641 -0.037203 -0.009021 0.122788 -0.019028 -0.004843 0.080223 0.014414 0.303986 -0.019409 -0.008989 0.007917 0.070898 -0.016989 -0.178133 0.008693 0.002996 -0.028654 -0.002800 0.002270 -0.006982 -0.032785 -0.012342 -0.089667 -0.015478 -0.130373 0.142274 -0.011989 -0.456586 0.271743 -0.011824 0.332373 -0.000061 -0.328206 0.203143 -0.007444 -0.002519 0.143210 -0.008248 -0.013649 -0.049900 -0.263079 0.026633 0.011745 -0.047752 0.119045 0.010127 0.212361 -0.012524 -0.293361 -0.176239 -0.005419 -0.003885 0.050584 -0.005282 0.046536 -0.002764 0.122906 -0.069469 0.125316 0.002626 -0.003937 -0.151648 0.201146
-0.004729 -0.010161 -0.007308 -0.000699 -0.008655 -0.002231 -0.007963 -0.001863 0.002418 -0.009201 -0.020861 0.000019 -0.000986 -0.008202 -0.000476 -0.003364 -0.001856 0.004747 -0.014774 -0.016328 -0.002538 0.003480 -0.012539 0.000627 -0.016816 -0.012591 -0.000119 -0.000813 -0.006669 -0.025108 -0.016582 -0.000462 -0.025410 -0.009534 0.001836 -0.001201 -0.003719 -0.002325 -0.002716 0.000282 -0.000013 -0.010627 -0.009087 -0.001598 -0.002244 -0.001874 -0.001166 -0.001163 0.000059 -0.026757 -0.001523 -0.002898 0.005613 0.000311 -0.011293 -0.007125 -0.019968 -0.072037 -0.001120 -0.057083 -0.019358 0.000415 0.002021 0.002611 -0.006054 -0.013500 -0.015642 -0.007717 -0.000771 -0.010662 -0.011874 -0.002899 -0.008352 -0.002248 -0.011273 0.001590 -0.009499 0.002067 -0.018738 -0.002536 -0.000758 0.004203 -0.001801 -0.009113 -0.001367 -0.003323 0.000101 -0.002035 -0.001368 0.002111 0.007271 -0.003339 -0.003541 -0.002290 -0.003843 -0.073762 -0.011013 -0.020233 0.009284 -0.005638 -0.006149 -0.009377 -0.000195 -0.007518 -0.003364 -0.017874 0.000288 -0.004861 -0.003858 0.002170 -0.005912 -0.008656 -0.001419 -0.072670 -0.012158 0.000555 -0.010562 -0.000612 -0.003968 -0.002802 -0.008751 -0.001507 -0.005399 0.002192 0.000882 -0.002470 0.001192 0.000353
0.016584 -0.040739 -0.007587 -0.015663 -0.006359 -0.005278 -0.008846 0.008363 0.002483 -0.046628 -0.028246 -0.003257 -0.010940 0.009469 -0.011799 -0.009069 0.001431 -0.008222 -0.010940 -0.010661 -0.033322 -0.011938 -0.030655 -0.011774 -0.030997 -0.021510 -0.004582 -0.005434 -0.019459 -0.081506 -0.016125 -0.027247 -0.082081 -0.032041 -0.014252 -0.011867 -0.001714 0.018130 -0.020441 0.021444 0.000754 -0.001960 -0.003399 0.002426 0.004894 -0.006086 -0.012369 -0.005968 -0.000831 0.002736 -0.003925 -0.006116 -0.011560 0.008880 -0.000700 -0.015546 -0.015146 -0.088438 -0.011512 0.011118 -0.081622 -0.001680 0.013535 0.000849 -0.046712 -0.008791 0.007416 0.009809 -0.008716 -0.011007 -0.035808 0.008613 -0.020203 -0.020031 -0.014093 -0.010790 -0.007052 -0.011823 -0.093908 -0.031569 0.001221 0.008418 0.004002 0.016631 0.013454 -0.008415 -0.011538 -0.006357 -0.018859 0.005366 -0.005182 -0.009293 -0.010106 -0.003490 -0.005246 -0.032562 -0.006751 -0.048073 -0.002403 0.004551 -0.008135 -0.024226 -0.000574 0.002311 0.001151 -0.005261 -0.001213 -0.018590 -0.019282 0.006677 -0.008791 -0.023282 0.004764 -0.028313 -0.019945 0.005680 0.001788 -0.024535 -0.021716 0.004159 -0.000392 -0.001604 -0.041100 -0.075526 -0.000426 0.001018 -0.007360 0.017819
-0.009917 -0.101084 -0.007633 0.114268 -0.010669 -0.050281 -0.141922 -0.002641 0.111511 -0.211434 -0.090743 -0.003692 -0.381503 -0.032006 -0.054892 -0.082116 -0.003071 0.112198 -0.006337 -0.000435 -0.013453 -0.092594 -0.233500 0.016120 0.207581 -0.018467 0.010855 0.000735 -0.031748 0.211941 0.187515 0.398029 -0.107665 -0.050346 -0.145011 0.349845 -0.064734 -0.006671 -0.028620 0.061068 -0.003292 0.147755 0.161617 -0.016338 0.004067 -0.314600 -0.032327 0.000273 0.100275 0.372615 0.001629 0.024876 -0.000665 0.011583 -0.002971 -0.151683 0.000696 -0.066682 -0.073511 -0.002161 -0.042119 0.221099 -0.000900 0.302345 0.018567 -0.019431 -0.006304 0.113737 0.001162 -0.005962 0.145971 0.112240 0.004421 0.004120 -0.024284 0.301822 0.037156 0.003148 -0.176720 0.018066 0.014501 -0.017676 -0.004643 -0.000569 -0.022870 -0.004097 -0.001971 -0.126522 -0.001742 0.049915 0.296343 -0.032895 0.364611 0.028371 -0.019557 0.132769 -0.004831 -0.044565 0.040512 -0.057120 -0.129966 -0.093758 -0.002133 -0.001438 0.110790 0.102960 0.005361 0.049552 -0.023033 0.170215 -0.025722 -0.117275 -0.007224 -0.288379 0.034392 -0.025794 -0.002089 -0.209335 -0.053257 0.267849 0.007870 0.016913 -0.156720 -0.098689 -0.002216 0.003814 -0.004459 0.311746
-0.026772 0.084540 0.001722 -0.012356 0.002624 0.083660 -0.231645 0.001216 -0.000629 -0.145955 -0.036855 0.002399 -0.110836 -0.209540 0.073918 -0.143281 -0.026975 -0.220231 -0.011150 -0.004516 -0.031038 0.007295 -0.321049 -0.001341 -0.164562 0.004813 0.001641 -0.000649 -0.002704 0.145847 0.067386 -0.083138 -0.225274 -0.031463 0.311944 -0.029422 -0.032299 -0.038851 0.135116 -0.143285 0.000840 -0.155417 0.023663 0.000891 -0.000996 0.187837 -0.012733 -0.007425 0.153557 0.109417 0.002462 0.038008 0.001308 -0.024799 0.000444 0.042018 -0.161571 0.006022 -0.000048 -0.026132 0.008177 -0.275541 -0.001645 -0.210239 0.008048 -0.002178 -0.020206 0.238896 -0.001120 0.028185 0.213237 -0.174958 -0.073169 -0.021733 0.000675 0.131801 0.128488 -0.004219 -0.184262 0.048361 0.005938 0.011899 -0.005164 -0.001303 -0.000480 0.091274 0.008235 -0.082153 -0.015198 0.503041 -0.061634 -0.001294 0.057589 0.192230 -0.036582 -0.010513 0.029749 -0.194654 0.017812 -0.001299 0.016942 -0.002191 -0.001834 -0.009603 0.094298 0.079306 -0.000058 0.248156 -0.052687 0.017230 0.026087 -0.035495 -0.004957 -0.069139 -0.112915 -0.002658 -0.002655 0.339998 -0.003162 0.040467 -0.007676 0.078684 0.003471 -0.088934 -0.001788 -0.000025 0.022545 0.120902
0.021610 0.430388 -0.005206 0.367854 -0.003305 0.018168 0.133499 -0.001506 0.311118 0.157352 -0.166114 -0.009828 -0.191370 0.144938 0.001871 0.422700 0.127144 0.023356 -0.021078 -0.012248 -0.159687 -0.137789 0.166246 -0.012016 -0.297628 -0.001704 -0.003438 -0.002507 0.042793 -0.180174 -0.064584 0.105217 -0.047744 -0.051017 -0.119626 0.072341 -0.014492 0.014875 -0.001523 0.334770 -0.003174 -0.017579 0.402040 -0.002408 -0.011526 -0.055040 -0.066475 -0.017211 0.109316 0.097004 0.003414 -0.013688 -0.001139 0.029873 -0.000229 0.118429 -0.031897 -0.240484 0.014056 0.116662 -0.045011 0.459562 -0.009944 0.188362 -0.005249 -0.006021 -0.030536 -0.003318 -0.006396 0.001786 0.064653 0.173050 -0.295196 -0.040646 0.009409 0.102504 0.254719 0.002581 -0.081763 0.159918 -0.000970 -0.067603 -0.008117 -0.002715 -0.004460 0.161561 -0.000748 0.045792 0.002202 -0.034545 0.362971 -0.051341 0.067099 0.099088 -0.001932 -0.039473 0.005479 -0.335600 0.207918 -0.017949 -0.090645 -0.135523 0.001800 -0.008438 0.022947 -0.012139 0.002995 -0.313401 0.245851 -0.019164 0.070130 -0.290421 -0.005607 0.329285 -0.296201 0.000476 -0.004384 0.280493 0.036536 0.290096 -0.002224 0.077879 -0.284528 0.063894 0.002123 -0.001406 -0.080237 0.268985
0.248822 -0.060533 0.000064 -0.182329 -0.004978 -0.278416 -0.161288 0.014327 -0.008158 -0.499227 -0.081611 -0.027144 0.099753 -0.042266 -0.033810 0.082066 0.250875 -0.202236 -0.000643 0.041877 0.032589 0.137340 -0.058775 0.009292 -0.199443 0.003509 -0.007187 -0.001577 -0.020760 0.190171 0.140503 0.217100 0.024627 -0.186305 -0.199492 -0.073698 -0.028845 -0.008739 -0.057021 -0.199116 -0.007436 0.080023 0.478498 0.005425 -0.006429 -0.640118 -0.049992 -0.000792 -0.144952 0.577290 -0.000601 0.171578 -0.000572 -0.005020 0.001446 -0.065613 0.144689 -0.101627 -0.004071 -0.020873 -0.506864 0.483384 -0.033980 0.070198 -0.043339 -0.033675 -0.020607 0.122064 0.001429 -0.026741 0.160653 -0.245929 -0.242872 0.029614 0.000783 0.049898 0.238156 0.010310 0.728625 -0.220346 -0.013700 -0.030601 0.002634 0.026949 -0.005276 0.170016 0.080010 0.052920 -0.010139 -0.035717 0.080699 -0.004720 -0.201322 0.301376 0.039271 -0.589831 -0.009054 -0.241002 0.058756 -0.026221 0.041454 -0.304742 -0.002989 -0.004299 0.240847 -0.497217 0.023782 -0.217328 -0.079372 0.330561 -0.154848 0.277244 0.028813 -0.229346 0.208639 0.020326 -0.006073 0.005635 -0.020580 -0.177169 -0.002001 -0.089987 -0.344850 0.192195 -0.002367 -0.002621 -0.396049 -0.118529
-0.007506 -0.095975 -0.003358 -0.057042 0.000813 0.005822 0.017613 -0.001483 -0.022763 -0.005693 -0.057363 -0.005024 -0.152704 0.036427 0.002672 -0.040710 0.044838 -0.018276 -0.027271 -0.007320 0.021973 0.054430 -0.098238 0.001222 -0.033865 0.000650 0.000878 -0.002094 0.008188 -0.075317 0.062182 0.021537 -0.054365 -0.020392 0.016876 -0.028625 -0.031287 0.033640 0.014442 0.003337 0.000053 -0.003872 0.016216 0.004295 0.000567 -0.025089 0.027180 0.038037 0.032777 -0.015685 0.000380 0.013299 0.004797 0.012177 -0.003228 -0.028605 -0.038132 -0.080620 0.016091 0.020780 -0.065668 -0.037068 -0.007052 0.015242 0.015156 -0.002021 -0.002371 -0.009491 -0.000400 -0.034231 -0.001936 0.015695 -0.056048 0.004396 0.013129 0.017584 -0.011289 -0.007117 -0.123294 -0.001541 0.023567 -0.012418 -0.004178 0.004752 -0.006632 -0.000933 0.007373 0.001284 -0.026339 0.010502 -0.001290 -0.017330 -0.057801 -0.023670 0.018376 -0.030127 -0.007011 -0.045671 -0.001332 0.016022 -0.016014 -0.001082 -0.000333 -0.001713 -0.000157 -0.101670 -0.012809 -0.015105 0.003145 0.000042 -0.001853 -0.018407 -0.028683 -0.053097 -0.019253 -0.003237 0.000498 -0.000831 -0.002676 -0.017203 -0.007531 -0.031995 -0.058232 0.025149 -0.000877 -0.003356 -0.050866 0.021505
-0.000632 -0.000747 -0.003587 0.000037 -0.003821 -0.000519 -0.002462 0.002467 0.000144 -0.006637 -0.003787 -0.003225 -0.006522 0.000675 -0.000713 -0.000581 -0.004022 0.001038 -0.001820 0.000195 0.000305 -0.000589 -0.018603 -0.000377 -0.003968 -0.000717 -0.000631 -0.001571 -0.003278 -0.016344 -0.003770 -0.001252 -0.001005 0.000765 -0.002248 -0.002525 -0.003929 0.001468 0.000826 0.000560 0.002286 -0.008570 -0.001429 0.000751 -0.001584 0.000199 -0.000420 -0.000336 0.000610 -0.003022 0.000317 -0.001052 -0.003319 -0.000209 -0.001417 0.000418 -0.001698 -0.001475 0.000431 0.000680 -0.002966 0.000649 -0.000357 -0.001888 -0.000046 0.001667 -0.005484 -0.002601 -0.002217 -0.003467 -0.001983 0.000286 -0.000587 0.000710 -0.001346 0.000361 -0.003505 -0.001803 -0.015385 -0.002149 0.000230 0.002438 -0.003641 -0.002777 -0.002661 0.000431 -0.014070 -0.000642 -0.001307 -0.000103 0.000340 -0.000099 -0.003975 0.000841 -0.001161 -0.001074 -0.002454 -0.002858 -0.002254 -0.009928 -0.003133 -0.005317 -0.000075 -0.001453 -0.003041 -0.003991 0.000925 -0.017140 -0.002413 -0.000280 -0.002053 -0.001749 0.001283 -0.001340 -0.003295 0.000202 0.001586 0.000288 -0.000336 0.001396 -0.000691 -0.003237 -0.003084 -0.001983 0.000710 0.000282 0.001881 -0.001572
0.031997 -0.110635 0.006773 0.289802 -0.000166 0.751757 0.096887 -0.010939 -0.136016 0.400915 -0.056806 -0.014271 -0.166062 -0.036448 0.015360 -0.111812 0.329742 -0.146870 -0.010847 -0.019228 -0.089032 0.079396 -0.584020 -0.007684 -0.374948 -0.005886 0.004094 -0.004346 -0.012383 -0.214165 -0.248435 -0.038195 -0.343586 0.146634 0.281862 0.099644 0.007889 -0.009912 0.072010 0.247997 -0.015230 0.210627 0.125345 -0.029748 0.016560 -0.022976 -0.066017 0.005626 -0.122028 -0.049555 0.002774 0.010862 -0.000714 0.010469 0.003881 -0.052542 -0.255008 -0.041061 -0.059474 0.061926 -0.204416 -0.148478 0.034234 -0.018174 0.082194 -0.007598 -0.007668 0.030246 0.007513 -0.010747 0.062982 0.129165 0.019648 -0.077032 0.014082 0.436232 -0.343758 -0.008425 -0.253552 -0.206260 0.060257 0.098154 0.002003 -0.001266 0.029452 0.070045 0.052796 -0.349431 0.019099 0.154651 -0.152752 -0.000733 0.445234 -0.482269 -0.018187 -0.310748 0.017096 -0.266220 -0.167040 -0.005141 -0.048052 0.418355 0.006296 -0.008471 -0.225987 -0.297797 -0.012393 -0.057969 0.104307 -0.100588 0.120703 -0.109525 -0.014197 -0.116940 0.161017 0.018907 -0.015127 0.062239 -0.014457 -0.213393 0.001096 -0.034631 -0.365405 0.068504 -0.001794 0.000645 0.221659 -0.023864
0.004350 0.247666 0.002989 0.170964 -0.002494 -0.075883 0.229124 -0.001548 -0.064228 0.042108 0.014621 0.001555 -0.662755 -0.101444 0.020579 -0.074084 -0.205568 0.030079 0.032432 0.040596 0.129652 -0.062994 -0.215275 -0.001845 0.724580 -0.009432 0.000197 0.001362 -0.032058 0.367727 -0.175718 0.031665 -0.543053 0.021394 -0.343187 0.026125 -0.037455 0.000719 -0.051640 0.111682 -0.019269 -0.067703 0.059718 0.019776 -0.010846 -0.160974 -0.036093 -0.015066 0.170849 -0.167707 -0.007187 -0.016553 -0.005339 -0.020512 0.005873 0.054125 -0.091232 -0.359198 -0.087452 -0.032473 -0.274493 0.014850 0.039718 0.131504 -0.025903 0.004478 -0.051773 -0.155756 0.014366 -0.054654 -0.006445 -0.044710 -0.111575 0.077869 -0.005085 0.097786 -0.011868 0.000449 -0.028804 -0.012876 -0.023997 -0.053989 0.001547 0.009339 -0.028069 -0.075702 0.000623 -0.017938 0.001482 -0.113711 0.086560 -0.027862 0.317150 0.167236 0.037980 -0.270948 -0.001852 -0.102729 -0.141545 -0.033816 -0.013547 -0.105798 0.000915 -0.001175 -0.052487 -0.227359 0.012652 -0.008259 0.169119 -0.213371 0.141358 -0.121203 0.036093 0.047494 -0.233312 0.006026 -0.009026 -0.008805 -0.000551 0.282626 0.001135 0.063280 -0.176207 -0.077842 -0.000747 -0.004228 0.295477 -0.118151
-0.000918 -0.025284 -0.002200 -0.001936 -0.002515 -0.000462 0.001988 -0.001601 0.001054 0.001009 -0.035233 -0.005610 -0.043815 -0.002678 -0.005900 -0.003394 -0.000098 -0.004939 -0.002763 -0.002842 -0.002201 -0.015263 -0.021682 -0.003417 -0.013772 0.002572 -0.003019 0.002839 -0.002058 -0.045376 -0.002688 0.003870 -0.029584 -0.027187 0.000125 -0.007991 -0.014873 -0.001703 0.000189 0.000631 -0.002023 -0.020743 -0.014571 -0.002689 -0.002171 -0.026300 -0.041718 -0.000897 -0.001056 -0.010179 0.000232 -0.003480 -0.003664 0.001105 -0.003965 -0.007666 0.000521 -0.027009 -0.016086 -0.028123 -0.005987 -0.000323 -0.013798 0.000474 -0.002896 -0.008741 -0.004821 -0.012511 -0.000067 -0.010603 -0.002239 0.001236 -0.013189 0.000285 -0.001686 -0.000152 -0.010468 0.000277 -0.008623 -0.003600 0.000118 -0.011709 -0.002321 -0.005306 -0.001645 -0.003168 0.000383 0.001962 0.001068 -0.001326 0.000977 -0.017657 -0.000423 0.001948 -0.004521 -0.020597 -0.001676 -0.020179 -0.004836 -0.005015 -0.010107 -0.047864 -0.002030 0.000137 -0.001233 -0.016794 -0.006115 -0.089721 -0.005649 0.000325 -0.017739 0.002534 -0.010185 -0.024374 -0.007530 -0.000785 -0.001867 -0.017566 -0.002320 -0.006431 -0.000601 -0.000760 -0.092592 -0.000053 -0.000862 -0.004743 0.000972 0.001230
-0.035813 -0.040948 -0.001344 0.214094 0.012031 0.487933 -0.018923 0.007609 0.248113 -0.038951 0.188088 -0.008494 -0.333680 -0.014043 -0.072022 0.030690 -0.081706 0.295238 -0.022963 0.019216 0.339626 -0.048734 -0.006004 -0.023889 -0.350354 0.003440 -0.004393 -0.003002 -0.006403 0.025842 0.279101 0.198084 -0.364942 0.035776 0.108173 -0.162991 -0.000571 0.004063 -0.007809 0.140683 0.006855 0.163361 0.089344 -0.020788 0.011579 -0.277775 -0.053370 0.007393 0.015017 -0.185854 0.000932 -0.010768 -0.002343 -0.021830 0.000412 -0.138941 -0.362049 0.664554 0.042799 0.101543 -0.078905 0.028710 0.003242 0.405162 -0.001388 0.004674 0.002307 0.351306 -0.024761 -0.017580 0.238775 0.572692 -0.216818 -0.029204 -0.013967 0.443656 -0.025536 0.001142 -0.154861 -0.036843 0.043267 0.107370 0.000747 -0.002489 0.006091 0.012865 0.010560 0.046861 0.021340 0.066759 -0.165701 -0.020022 0.005119 0.068339 0.025576 0.432539 -0.038201 -0.407403 0.050292 -0.023591 -0.027831 -0.049124 0.004829 -0.008004 -0.099282 0.077998 -0.002917 -0.233968 0.069636 0.014988 -0.068768 0.150893 -0.025234 -0.201652 -0.350114 0.018422 0.003169 0.129384 0.035955 -0.087526 0.032937 0.030112 0.168665 -0.181950 0.001484 0.001091 -0.150178 0.043317
0.327940 0.156606 -0.003406 -0.287846 -0.001726 0.365249 -0.027453 -0.002670 0.065258 0.397221 -0.012455 -0.013338 0.174464 0.496121 -0.052535 0.443132 0.266399 -0.294891 -0.002216 -0.007649 0.014938 0.090091 -0.275061 0.001259 -0.121477 -0.002400 0.002505 -0.000426 -0.026883 -0.110439 0.351256 0.236192 -0.133655 -0.248614 -0.279671 -0.319913 -0.007260 -0.003936 -0.019175 0.287230 0.000192 0.249373 0.225179 -0.002111 0.015426 -0.597018 -0.022659 -0.005851 0.288273 0.314320 -0.000010 0.085004 -0.005301 0.007564 -0.003189 -0.252820 0.294671 0.336790 -0.030183 -0.024039 0.096011 0.218689 0.052134 0.467319 0.013293 0.038903 -0.012015 0.306694 0.001824 -0.042498 0.007794 0.542154 -0.126378 -0.009189 0.019274 0.176956 0.307289 -0.013822 -0.083345 0.312858 0.018017 0.008112 -0.013779 -0.012324 -0.016772 -0.174270 -0.047573 -0.086602 -0.003836 0.012396 0.276319 -0.000684 0.003445 -0.154292 -0.028097 0.196169 -0.006215 -0.255379 0.089472 -0.018737 -0.043466 -0.099911 -0.003634 -0.005865 0.271945 -0.214766 -0.010042 -0.158034 -0.197030 0.156279 -0.428138 -0.169849 0.010527 -0.106253 0.239824 0.000942 -0.010603 0.244013 -0.036983 -0.185288 -0.001463 -0.093381 -0.129016 0.019547 -0.004158 -0.004668 0.066884 0.225997
0.106235 -0.104019 -0.018055 0.093233 0.006939 -0.151005 0.028175 0.023689 0.154825 -0.087712 0.036198 0.014108 -0.227015 0.017011 0.071603 -0.095299 -0.120979 0.162586 -0.026030 -0.037779 0.239787 -0.137569 -0.384725 -0.033987 -0.062920 0.029703 -0.010179 0.001153 0.008962 -0.125445 0.087487 -0.234487 -0.127104 -0.332323 0.316923 0.014969 -0.046914 0.015266 0.071271 0.451035 -0.012082 -0.205974 -0.076439 0.012363 0.015347 -0.248061 -0.015531 -0.015268 0.091940 -0.114659 0.008583 0.000002 -0.002209 -0.006999 -0.008594 -0.095459 0.024702 -0.538399 -0.020904 -0.049715 -0.184173 -0.182594 -0.022800 -0.185485 -0.010463 0.019844 -0.021030 0.234069 0.003249 -0.080894 0.159465 -0.030142 -0.191005 -0.054396 -0.005238 0.080413 0.083092 0.000199 -0.035222 -0.262602 0.009657 -0.004010 -0.006777 0.000581 0.010272 -0.075900 -0.017001 -0.038582 -0.023807 0.467439 0.132585 -0.020983 0.101934 -0.177981 -0.030172 -0.016054 -0.033521 -0.074499 0.119297 -0.000139 -0.101612 -0.043838 -0.005972 -0.003864 -0.049498 -0.187368 -0.026022 0.012665 0.010319 0.162296 -0.055995 0.109411 -0.030105 -0.239494 -0.057017 -0.006427 0.003534 0.042388 0.020633 0.071136 -0.011022 0.078758 0.647072 -0.042945 -0.000450 -0.000747 -0.038535 0.175011
-0.256860 -0.124391 -0.008608 -0.077744 0.008002 -0.227080 -0.042996 -0.002179 0.042471 -0.393652 -0.020460 0.005193 -0.153477 0.063149 -0.101507 -0.240257 -0.131490 -0.002822 0.009871 0.002682 -0.116229 -0.069321 -0.234024 -0.001236 -0.450179 -0.010011 0.000198 0.000978 -0.017964 -0.221311 -0.058110 -0.238137 0.682646 -0.103973 -0.447522 -0.007642 -0.018789 -0.027370 -0.101719 -0.063262 -0.006186 0.047805 -0.008670 0.030525 -0.003558 -0.317843 -0.025229 0.000043 -0.071780 -0.205625 -0.007583 -0.278298 -0.000317 0.023051 0.014043 -0.005967 -0.385290 -0.390762 -0.063627 -0.086428 -0.327281 0.012295 -0.031514 -0.027061 0.005668 -0.019848 0.009734 -0.091095 0.008578 0.040023 -0.004012 0.048757 -0.575759 -0.074061 -0.003955 -0.002059 -0.058488 -0.023583 -0.347426 0.000534 0.016058 -0.047467 0.002948 0.003759 -0.005024 -0.088272 0.057384 -0.289369 -0.000212 -0.145849 -0.215296 -0.015719 -0.143875 -0.116964 -0.039982 -0.073402 -0.096408 -0.205297 -0.149337 0.086872 0.022280 -0.230018 -0.003078 -0.002774 -0.095577 -0.218326 -0.016191 -0.030922 -0.081196 0.026932 0.105178 -0.085734 0.002755 -0.095373 -0.243394 -0.000269 -0.013271 -0.180025 -0.146972 -0.051379 0.000739 -0.038131 -0.313468 -0.127883 -0.000526 0.000966 0.248097 -0.027910
-0.087151 0.418729 -0.001257 0.302853 -0.003159 0.613245 0.034478 -0.002133 0.186832 0.016727 0.051147 -0.000006 -0.222382 0.099427 -0.000836 -0.111673 0.008946 0.304398 0.006289 -0.000191 -0.010171 -0.106912 -0.271038 0.020407 -0.121672 -0.002317 -0.002238 -0.000284 -0.040265 -0.084441 0.228175 0.616551 -0.380729 0.170666 0.085610 0.648532 -0.033167 -0.018026 0.187198 0.208417 -0.000609 -0.023009 -0.029225 0.016240 -0.001415 0.308805 0.021125 -0.005938 0.006540 0.116551 0.000699 0.043355 -0.004000 -0.017241 -0.001787 0.066119 0.063690 0.082366 0.033788 0.062967 -0.380037 0.416274 0.008600 0.248803 0.002195 -0.005513 -0.027646 0.179863 -0.002200 -0.060700 0.145837 0.210717 -0.177018 0.010643 0.002801 0.315252 0.578762 -0.005771 -0.433735 0.317560 0.106670 0.015015 -0.005806 -0.006218 -0.021102 -0.031030 -0.004098 0.246798 0.039340 0.036181 0.372090 0.022851 0.469420 -0.177970 -0.010252 0.242411 -0.037995 -0.232500 0.182969 -0.016741 -0.038123 -0.163458 -0.003230 -0.005051 0.007226 -0.074865 -0.025946 0.100150 0.268765 -0.616763 0.164346 -0.251346 -0.024952 -0.327911 0.419749 -0.002501 -0.002016 -0.192292 -0.005476 0.337897 0.001166 0.076222 -0.160816 -0.229691 -0.004116 -0.002804 0.251892 0.137105
0.148648 -0.061471 -0.000725 0.086712 -0.008577 0.057522 0.148734 -0.003991 0.187210 -0.045188 0.015030 -0.011653 -0.232514 -0.078143 0.080985 -0.117588 0.044701 0.207168 -0.008949 0.011108 0.495677 0.157858 -0.590210 -0.003090 0.235219 0.001491 -0.000533 -0.002099 -0.004880 -0.079822 0.372984 0.499162 -0.033542 -0.097732 0.273591 0.238823 0.007614 -0.001973 0.003261 0.112656 0.001854 -0.268276 0.205124 -0.006194 -0.002753 -0.432992 -0.080178 -0.007872 0.260245 0.192558 0.000366 0.143548 0.000543 -0.010428 -0.001756 0.096290 0.020862 -0.039902 0.000330 -0.028923 -0.179609 0.131251 -0.001916 0.291552 0.048877 -0.006250 -0.000379 -0.067182 0.000597 -0.026302 0.304344 0.063477 -0.069368 -0.049330 -0.002893 0.268130 0.375466 -0.010366 -0.206994 -0.127483 0.112807 -0.048562 -0.003667 0.002590 -0.004610 -0.076097 0.042878 0.090989 -0.000733 0.237615 0.773507 -0.003114 0.051688 0.124396 -0.035924 -0.083160 -0.003297 -0.119116 0.276190 -0.008249 0.017397 -0.221371 -0.000696 -0.005567 0.163283 -0.178341 -0.002881 -0.127221 0.150241 -0.078296 -0.096615 0.321764 -0.002616 -0.110652 0.044278 -0.000427 -0.000780 0.221247 0.053053 0.407780 0.003744 -0.026490 0.199935 0.225059 0.003126 -0.007064 0.473040 0.143617
0.000948 -0.016082 -0.002878 -0.013225 -0.001285 -0.000543 -0.001997 0.000176 0.002021 -0.010612 -0.014936 -0.004420 -0.018085 -0.015553 -0.007858 -0.004920 0.002659 0.001003 -0.009222 -0.016295 -0.005242 -0.001602 -0.004614 -0.005575 -0.007882 -0.008172 0.007804 -0.003724 -0.018978 -0.013803 -0.016032 -0.001271 -0.012183 -0.001464 0.001598 -0.016254 -0.006458 -0.002997 -0.020788 -0.002883 -0.001383 -0.015257 -0.004301 -0.003291 0.000065 -0.012935 -0.016448 0.003821 0.000563 -0.020308 -0.001490 0.003709 -0.010620 0.003536 -0.010781 -0.012284 -0.021046 -0.038157 -0.001208 -0.013102 -0.018255 -0.002424 -0.000264 -0.025264 -0.005214 -0.029793 -0.010223 -0.013753 0.000367 -0.006995 -0.009222 -0.001205 -0.005545 -0.003008 -0.000923 -0.002176 -0.010857 -0.002373 -0.012772 0.008447 -0.009175 -0.012121 -0.007544 -0.000395 -0.006509 -0.022486 0.001800 -0.005300 0.001114 -0.009192 -0.016891 -0.014960 0.005041 0.007105 -0.017509 -0.013062 -0.013247 -0.030954 -0.006536 -0.007129 -0.011851 0.007794 0.004969 -0.002862 -0.022782 -0.011556 0.001720 -0.006909 -0.005586 0.009157 -0.013918 -0.003906 -0.006314 -0.017002 -0.004722 -0.000753 -0.006891 0.000570 -0.001892 -0.013233 -0.001073 -0.001946 -0.013003 0.001225 -0.008848 -0.004684 0.000734 0.007669
0.230859 -0.066869 0.011059 -0.052463 -0.002180 0.331188 0.003663 -0.007990 0.239329 -0.053951 -0.087085 -0.004789 -0.291952 -0.011631 -0.007537 -0.203572 0.162717 0.076563 0.016433 -0.000979 -0.181125 0.053736 -0.362581 -0.010383 -0.145782 0.000807 0.001601 -0.002191 -0.004406 0.036027 0.180969 -0.033937 -0.148414 -0.075391 0.093002 0.208369 0.003689 0.010768 -0.008399 -0.109757 0.019602 -0.137056 0.065529 0.002914 0.025706 -0.117814 0.032997 -0.007321 0.029107 0.061521 0.001329 -0.104349 -0.008864 0.010205 -0.002620 0.289112 0.234570 -0.048655 0.025743 -0.008778 -0.186761 -0.128806 -0.016147 -0.027270 0.012232 -0.013828 -0.017683 0.340809 0.008448 -0.029725 0.073355 -0.168034 0.086488 -0.001706 -0.003735 -0.045110 0.079743 -0.007852 -0.350427 0.306489 0.016065 -0.010649 -0.003396 -0.001839 -0.018063 0.052788 0.017457 -0.062134 -0.003701 -0.035918 0.185478 -0.013034 0.276957 -0.028115 -0.019783 0.194989 -0.005517 -0.297506 0.241811 0.000649 -0.012994 0.263622 0.001995 -0.003468 0.305070 0.203027 0.008678 0.226271 0.007533 0.018304 -0.240157 -0.002319 0.016517 0.001745 0.039986 0.009427 -0.002852 0.117247 -0.014870 0.286160 -0.001932 -0.054890 -0.402435 -0.012508 -0.003967 0.002265 -0.079201 0.174275
0.054443 -0.147140 0.015286 0.204967 -0.011874 -0.011001 0.039090 -0.012327 0.052740 -0.184549 0.025237 0.003820 -0.100692 -0.129060 0.007345 -0.120173 0.054035 0.090540 -0.022388 0.032398 -0.151304 0.013128 -0.171859 0.021363 -0.158250 -0.028416 0.000028 0.000917 0.039737 -0.027736 -0.024606 -0.001460 -0.139023 -0.068394 -0.097200 -0.049659 -0.006040 0.001698 0.174179 0.106306 0.011263 -0.001279 0.051165 0.001587 0.007490 -0.089977 -0.052274 -0.019871 0.091408 -0.028549 0.001513 -0.166649 0.000168 -0.000455 0.019560 -0.118032 0.178246 -0.055501 -0.117024 -0.009944 -0.225797 -0.117725 0.047238 0.088869 0.038967 -0.000781 -0.011734 0.133413 -0.012382 -0.008381 0.058426 -0.007184 -0.054828 -0.012909 0.008474 0.032394 0.004120 -0.005628 -0.291130 -0.009794 -0.000726 0.027738 -0.005606 -0.000803 0.002131 -0.029957 -0.039614 -0.000695 -0.001388 0.009241 0.055601 -0.001103 0.040011 -0.083409 -0.024415 -0.156933 0.009696 -0.133482 -0.011434 -0.003260 -0.075019 -0.041314 -0.002058 0.007895 0.012597 -0.052074 0.004270 -0.201890 0.005620 -0.361900 -0.021934 0.105856 -0.001368 -0.201558 -0.038866 0.016763 -0.001136 -0.185706 -0.003849 0.078133 0.002208 0.000081 -0.293511 -0.154897 0.000631 -0.001069 -0.100114 0.096013
-0.013632 -0.025967 0.003650 0.000853 0.009941 -0.001965 -0.007954 -0.001073 -0.003231 -0.009507 -0.018348 -0.005513 -0.008905 -0.008906 -0.002428 -0.001281 0.000988 -0.007033 -0.000380 -0.001730 -0.006829 0.002781 -0.023338 0.002177 -0.034533 0.001793 0.001264 -0.000436 -0.002708 -0.022618 -0.001967 0.001090 -0.015038 -0.002006 -0.006806 -0.001766 -0.005554 -0.002462 -0.001574 0.004794 0.014912 -0.010447 -0.030907 0.001453 -0.005709 -0.002879 0.015126 -0.003555 -0.004135 -0.005835 0.002197 -0.002443 -0.006261 0.006335 0.007520 -0.014385 -0.000149 -0.076792 -0.001810 -0.056094 -0.025477 -0.000141 -0.016273 -0.003407 -0.002442 -0.009531 -0.006551 -0.004600 0.004978 -0.011107 -0.005370 0.015741 -0.010006 0.004438 0.000830 0.004642 -0.004638 -0.008057 -0.013714 -0.014408 -0.007179 0.005435 -0.009093 -0.001298 0.000462 -0.001998 0.002715 -0.008176 -0.001103 -0.002356 -0.004925 -0.001786 -0.002253 0.001855 -0.007925 -0.073000 -0.007136 -0.019409 -0.000485 -0.010342 -0.008738 -0.039672 -0.004376 -0.000660 0.002325 -0.042167 -0.006777 -0.011112 -0.006187 -0.001669 -0.004129 -0.030696 -0.001372 -0.070956 -0.018296 0.001969 -0.006940 -0.006776 -0.003274 0.003550 0.000656 -0.000762 -0.017890 0.002961 0.002776 -0.003242 0.002190 -0.009575
-0.083515 -0.015619 0.001007 0.116519 -0.001949 0.065178 -0.104178 0.004609 -0.007342 -0.168587 -0.053672 -0.001841 -0.244714 -0.054045 -0.002097 -0.120866 0.062349 -0.014422 -0.007656 -0.002659 -0.022358 0.302655 -0.421716 0.001818 -0.022165 -0.000398 0.002380 -0.001467 -0.005520 -0.255819 -0.000327 0.016661 -0.260225 -0.020249 -0.121860 -0.068694 -0.004899 -0.009356 0.003511 0.047405 0.001387 -0.068418 0.057513 -0.002399 0.005047 -0.123487 -0.006517 -0.001240 -0.099981 -0.042636 0.000277 -0.002004 0.002750 -0.004108 -0.001726 0.055080 -0.381116 -0.246616 -0.091384 0.000604 -0.200448 -0.071636 -0.003789 -0.004803 -0.001459 0.001037 -0.013223 0.540069 -0.006133 -0.000318 0.163707 0.000519 0.000419 -0.003352 0.001364 0.048315 0.121254 -0.005295 -0.232171 -0.020491 -0.001347 0.002832 -0.000878 0.001108 -0.001048 -0.054387 0.000852 -0.082337 -0.003477 -0.008725 -0.136407 -0.003787 0.027293 0.274609 -0.001644 -0.152017 0.002678 -0.088768 -0.059122 -0.002140 -0.132356 -0.044295 0.000835 0.001953 0.128556 0.048709 -0.000896 -0.025284 -0.095860 -0.011286 -0.063970 0.138486 -0.004344 -0.107299 -0.113027 -0.004759 0.003950 0.041468 -0.072298 -0.065870 -0.001493 0.001756 -0.151981 0.027044 -0.001231 0.001924 -0.088705 0.166454
-0.108650 -0.007414 0.000827 0.389216 -0.005675 0.064434 -0.096670 -0.000061 0.352223 -0.017955 0.040046 -0.004546 -0.261865 -0.131341 0.002202 0.064455 -0.174801 0.385803 -0.010623 -0.002192 -0.315339 0.251954 -0.158953 -0.002576 -0.037899 -0.007559 0.004561 0.000443 -0.004013 -0.159775 0.075669 0.158545 -0.005533 -0.133218 -0.036216 0.253022 -0.001439 -0.002266 0.098906 0.718862 -0.000384 0.486455 -0.260940 -0.002167 0.009502 -0.061123 -0.017665 0.007495 0.187255 -0.219666 0.006145 -0.172675 -0.012274 -0.003172 0.004346 0.039672 0.043719 -0.184003 0.015080 -0.027793 -0.487870 0.081456 -0.008577 0.217904 0.000785 -0.012113 -0.007993 0.111000 0.021854 0.011989 -0.427408 0.101403 -0.047011 -0.020117 -0.015608 -0.007037 0.376937 -0.005483 -0.094426 -0.124037 0.004288 -0.038271 0.002597 -0.002784 -0.006909 0.005536 0.012435 -0.102904 -0.012659 -0.012161 0.000027 -0.015189 0.204924 0.032991 0.000686 -0.341907 -0.006750 -0.230394 0.047061 -0.010860 -0.008744 -0.039583 0.000675 -0.005470 0.087671 -0.322948 -0.009639 -0.287318 0.129692 -0.368480 0.484106 -0.023277 -0.013272 -0.286430 -0.209296 0.002968 -0.002300 0.238556 -0.013981 0.101640 -0.002925 -0.062490 -0.584178 0.066220 -0.000791 -0.001284 0.101694 -0.021806
-0.004752 -0.015605 -0.011519 -0.016344 0.004401 -0.013391 -0.002012 0.004799 -0.010139 -0.006861 -0.010570 -0.003592 -0.031621 -0.004489 -0.011959 -0.012189 0.001958 0.023030 -0.015332 -0.006781 -0.002347 0.001394 -0.027698 -0.007504 -0.016659 -0.011395 -0.007116 -0.001692 -0.007374 -0.044958 -0.005343 -0.003672 -0.021753 0.002913 -0.012731 -0.007048 0.005151 -0.004096 -0.012274 -0.000745 0.008535 -0.036859 0.004971 -0.001369 0.011183 -0.021707 0.017092 -0.001065 -0.044446 -0.010094 -0.002397 -0.002945 -0.014162 0.017233 0.020518 -0.011919 -0.006590 -0.037492 -0.009179 -0.031698 -0.059026 -0.015707 -0.001285 -0.001212 -0.009932 -0.006121 -0.006801 -0.006845 -0.010967 -0.019217 -0.005732 0.029490 -0.038119 -0.009572 0.014139 -0.008223 -0.006250 -0.010753 -0.025205 -0.004392 0.000968 -0.001548 0.001603 -0.010262 0.000496 -0.008617 -0.009614 -0.004377 0.012571 -0.008717 0.004157 0.005545 -0.005506 -0.002571 -0.006649 -0.053952 -0.009841 -0.025276 0.001364 0.001713 0.000662 -0.007305 0.003459 0.001589 0.003543 -0.014346 0.010723 -0.030243 -0.019830 0.011379 -0.015437 0.008014 0.003787 -0.027196 -0.025625 -0.001301 -0.005618 0.002913 -0.016587 0.007872 0.000276 -0.000679 -0.042232 -0.010520 0.001698 0.002404 -0.014592 0.009140
-0.030997 0.283084 -0.008150 0.252039 -0.004077 0.125795 -0.052021 -0.005755 -0.032912 -0.067520 -0.055254 -0.026324 -0.088007 0.148351 -0.018752 0.163926 0.218052 -0.031547 -0.037133 -0.031682 -0.050451 -0.086984 0.188209 0.016343 -0.467000 -0.007385 0.004583 0.000323 0.023981 -0.044020 0.062715 0.121745 -0.134477 0.039431 -0.367252 0.082418 -0.023830 -0.017734 0.093692 -0.101529 -0.001709 0.310768 0.056724 -0.002467 0.014534 -0.100786 -0.019044 -0.001542 0.239030 -0.267914 -0.001635 -0.134861 -0.007552 0.002521 -0.004854 -0.198073 0.109408 -0.691806 0.031586 -0.010042 0.067407 0.023171 -0.012126 0.256812 -0.066973 -0.015200 -0.001675 0.081029 0.003404 0.010535 0.177678 0.147422 -0.489273 -0.069929 -0.003693 -0.073179 0.071110 -0.005112 -0.320251 -0.029614 -0.014415 -0.058089 -0.005945 0.006954 -0.000621 0.172122 -0.055622 0.102421 -0.008060 0.067950 0.340697 0.008172 -0.049610 0.199682 0.005089 0.024935 -0.055913 -0.571695 0.072965 -0.035728 0.107500 0.219416 0.001276 -0.004025 0.270294 0.333758 0.005295 -0.196732 0.127076 0.035689 -0.106316 -0.096964 0.040457 0.648593 -0.344672 0.027986 -0.001331 0.178981 -0.125498 -0.047851 -0.001606 -0.390761 -0.501860 -0.096844 -0.018780 0.000729 0.119828 0.169708
-0.168706 -0.111427 0.015368 -0.124281 -0.017098 0.183278 0.074771 0.008776 -0.027284 0.091132 0.313831 0.003493 -0.329156 -0.047121 -0.004708 -0.076324 -0.074766 0.142103 -0.007022 -0.002694 0.451523 -0.110512 -0.435196 0.013105 -0.432368 -0.009437 0.004815 -0.002332 0.019793 -0.365108 0.562244 0.239712 -0.276254 -0.164288 -0.063234 -0.147300 0.009433 -0.001856 0.048425 -0.092295 -0.004141 0.030791 0.147923 0.000310 -0.000956 -0.160601 -0.014279 -0.000674 0.072366 -0.289641 -0.000372 0.055511 -0.005549 0.001418 -0.000535 -0.028423 -0.008140 -0.116552 0.040566 0.005823 -0.417082 0.026933 -0.008107 0.346487 -0.028329 -0.018917 0.002564 -0.004492 0.015488 0.016457 -0.025035 -0.118204 0.133628 -0.029489 -0.000932 0.019911 -0.290338 -0.012974 -0.209660 0.443076 0.120301 -0.079129 -0.003343 -0.001931 0.004059 0.245981 -0.012934 0.043051 0.003288 -0.032108 -0.190763 -0.012872 0.083449 0.260084 -0.012911 0.097662 0.000668 -0.051835 -0.085179 -0.008059 -0.098900 0.044564 -0.000420 -0.009425 -0.130940 -0.044448 -0.000736 -0.320239 0.309938 -0.034272 -0.124326 -0.037497 0.000958 -0.155340 -0.033577 0.010016 -0.000809 0.042295 0.000045 0.354674 -0.001381 0.654580 -0.359895 0.068180 -0.003584 -0.002341 -0.103052 0.075433
-0.007778 -0.022716 0.003186 -0.003724 -0.008085 -0.019399 -0.006223 -0.019943 0.001282 -0.004901 -0.015119 0.000480 -0.010492 -0.000551 -0.011405 -0.012861 -0.001473 -0.004308 -0.013709 -0.001676 -0.000730 -0.015482 -0.021109 -0.005695 -0.000435 -0.023697 -0.004404 0.001980 -0.004276 -0.014390 -0.006380 0.001927 -0.025381 -0.001228 -0.015957 -0.014904 -0.010242 -0.001429 -0.010079 -0.002472 0.002252 -0.004230 -0.008144 -0.008603 0.003342 -0.011879 -0.009339 -0.006559 -0.000169 -0.001635 -0.000239 0.007162 0.001101 -0.002585 -0.008198 -0.020851 -0.009261 -0.041224 -0.002087 -0.000877 -0.006452 -0.000807 -0.003513 -0.009059 -0.007259 -0.017446 0.000807 -0.004344 0.007254 0.001171 -0.000786 0.001412 -0.018452 -0.005224 -0.009609 0.000864 -0.003045 -0.003588 -0.007934 -0.009863 -0.028619 -0.009535 -0.010300 -0.000782 0.000535 -0.008690 -0.018149 -0.017291 -0.024975 -0.007791 -0.005806 -0.000168 0.000637 -0.031555 -0.004508 -0.003288 0.001024 -0.007433 0.004918 0.000284 0.003146 -0.005908 -0.008642 -0.003214 0.001086 0.000343 0.003826 -0.008684 -0.008163 -0.010435 -0.000573 -0.009931 -0.011662 -0.025909 -0.004269 0.002871 0.002412 -0.014730 -0.013967 0.001426 -0.001082 -0.000375 -0.016815 0.001743 -0.012900 -0.008701 0.001814 -0.007121
0.196258 0.213899 -0.007107 -0.122847 -0.009874 0.159959 0.298256 0.002249 -0.088439 0.314042 -0.054178 0.000007 -0.637740 0.221927 -0.009761 0.485531 0.505981 -0.060247 -0.015770 -0.001038 0.403886 0.157629 -0.190023 -0.003306 -0.181014 -0.014843 -0.002342 0.000923 -0.023005 -0.642178 0.109398 -0.153574 -0.079792 -0.115587 0.363417 0.603630 -0.021931 -0.013472 -0.002451 0.030166 -0.001995 0.212762 0.066649 -0.001320 -0.001087 -0.239050 0.020084 0.009174 -0.103236 0.091911 0.001487 -0.124310 -0.015398 0.058124 -0.000729 -0.100701 -0.134829 -0.315851 0.030537 0.114989 -0.004382 -0.249090 0.012611 0.071216 -0.017484 -0.002080 -0.013741 0.004517 0.000268 -0.001220 -0.093028 -0.026712 -0.103416 -0.018700 -0.001892 -0.003491 0.162268 -0.007664 -0.290121 -0.164818 0.016230 0.022230 -0.003105 -0.000461 0.044938 0.073185 0.022329 0.028440 0.006976 0.589172 0.098135 0.007135 -0.097014 0.619515 -0.004179 -0.406194 -0.046066 -0.382762 -0.078719 -0.000998 -0.058696 0.357924 -0.000177 0.001052 0.310177 -0.009816 -0.002239 -0.110551 -0.111018 -0.141377 0.023295 0.056624 0.001417 0.094619 0.057010 0.000575 0.002043 0.116587 -0.018402 -0.019293 -0.001848 0.009313 -0.191233 0.000740 -0.003534 0.000887 -0.108915 0.404872
0.118899 -0.287824 -0.022279 0.039678 -0.011018 0.167408 -0.028889 0.009103 -0.080822 0.052284 -0.108206 -0.014113 -0.348083 0.164930 -0.073478 -0.015974 -0.136300 -0.189997 -0.020214 0.006378 0.157794 0.180321 -0.615111 0.003655 -0.636667 -0.001345 -0.000634 -0.001635 -0.018577 -0.054605 0.165746 0.242463 0.274776 0.604401 0.208599 0.393789 0.003461 -0.025659 0.112829 -0.009323 0.010030 -0.004795 0.722952 0.004645 -0.001918 0.213700 -0.026700 -0.024684 0.166354 0.616498 -0.000307 0.013206 -0.007152 -0.014484 -0.010997 0.246158 0.060637 0.080085 0.009052 -0.009598 -0.222746 0.489059 0.000321 -0.192821 -0.011903 0.022076 0.001857 0.474192 0.003486 0.019244 0.416854 0.297482 0.109529 -0.005721 -0.002147 0.351830 0.105990 -0.016855 -0.080869 -0.045612 0.014955 -0.071447 -0.002736 -0.012333 -0.046405 -0.061331 0.017894 0.665760 0.003093 -0.138877 0.535436 -0.007910 0.385414 -0.025025 -0.006987 -0.040239 -0.052527 0.302549 0.173564 -0.006046 -0.071285 0.204913 -0.003308 0.001526 -0.036156 0.116837 0.006235 -0.072470 -0.050470 0.145926 0.578826 0.525265 -0.020711 0.100648 0.269803 0.014218 -0.003807 0.111529 -0.001955 -0.037985 -0.004506 -0.052105 -0.390927 -0.273235 0.003051 -0.005353 0.012777 -0.233955
0.005367 -0.213260 -0.015070 0.033573 -0.008225 0.068447 0.411968 0.006129 -0.018525 -0.027546 -0.192881 -0.009911 -0.017663 -0.214990 -0.109110 -0.177895 0.344562 -0.005920 -0.010628 0.006445 0.161706 -0.128942 -0.286814 0.041987 -0.230311 -0.018640 -0.006870 -0.000460 -0.002468 -0.193206 -0.100089 -0.110013 -0.297383 0.029903 -0.158669 -0.003589 -0.007256 0.018460 0.097085 -0.075508 0.010768 0.005138 0.056016 -0.002919 0.010975 -0.046609 0.006478 -0.011965 -0.211403 -0.174920 0.007404 0.060755 -0.009949 0.007725 0.011820 -0.037465 -0.105606 -0.090276 0.013620 -0.007178 -0.191701 0.151690 0.006664 -0.112574 0.012952 -0.026920 -0.015525 -0.053702 0.014826 -0.012572 -0.003074 0.162529 0.101842 0.028620 0.001766 -0.000005 0.005771 -0.001328 -0.058598 -0.086351 0.013240 0.115316 -0.008457 -0.002718 0.011783 0.024004 -0.000399 -0.008295 -0.017696 0.083695 -0.071461 -0.000239 -0.034547 -0.243360 0.001818 -0.126108 -0.001478 -0.144002 -0.030526 -0.004761 -0.053348 -0.322560 -0.003859 -0.004364 0.112813 -0.157127 0.005531 -0.324742 0.093194 -0.187062 0.010349 0.009816 0.010527 -0.359828 -0.018232 0.015016 -0.003884 -0.019845 -0.008699 -0.046821 0.004785 -0.018999 -0.406709 0.039730 -0.002332 0.004194 -0.010479 -0.060106
-0.173127 0.062548 -0.003894 0.064879 -0.000672 0.087444 -0.385546 -0.007986 -0.180696 0.194546 -0.022186 0.008952 -0.372417 -0.032107 -0.050045 -0.050199 -0.073442 0.120475 -0.013073 -0.009647 0.122981 -0.006443 -0.348616 -0.000421 0.038717 -0.002617 -0.001368 -0.003030 -0.014644 -0.362048 -0.330713 0.269989 -0.237107 -0.070007 0.295068 0.309477 -0.002743 -0.000148 0.000428 -0.018784 -0.000013 -0.074898 0.103436 -0.000462 -0.001784 -0.380169 -0.058213 -0.011661 -0.004439 0.231103 -0.001463 -0.033015 -0.011335 -0.007471 0.000311 -0.011021 -0.099645 -0.267485 0.044710 0.030670 -0.265208 -0.040604 -0.013353 0.233300 0.036054 -0.014820 -0.023184 -0.090396 -0.011309 -0.026921 -0.181601 -0.000767 0.066339 -0.047919 -0.015182 0.159822 -0.257712 -0.011140 -0.337230 0.135713 -0.010460 -0.042758 -0.013278 0.000087 -0.001756 0.037861 -0.003010 -0.044851 -0.029996 -0.041522 0.211161 -0.008977 -0.138825 -0.024820 -0.012966 -0.155436 -0.014239 -0.273938 0.007756 -0.013121 -0.042667 -0.056759 0.000683 0.004153 0.082204 0.015257 -0.001593 -0.233005 -0.082820 -0.175661 0.122101 -0.039640 0.002386 -0.173266 0.090436 -0.002848 0.007701 -0.120654 0.018060 0.149672 0.000070 0.114320 -0.097328 -0.008042 0.000532 -0.000241 0.711535 -0.066393
-0.013456 -0.019697 -0.005603 -0.024693 -0.003805 -0.002904 0.000204 0.019850 -0.011943 -0.004364 -0.001728 -0.001108 -0.010720 -0.003428 -0.004800 -0.000741 -0.001040 0.001274 -0.003362 -0.000485 -0.013013 -0.005662 -0.026051 0.000932 -0.016041 0.001420 -0.003270 -0.000416 -0.001754 -0.009311 -0.003142 -0.000727 -0.006820 -0.003063 -0.006435 0.001060 -0.002104 -0.003059 -0.003289 0.002710 -0.000385 -0.032571 -0.000730 0.000938 -0.000094 -0.001320 0.000157 -0.000384 -0.001363 -0.003772 -0.004135 -0.000357 -0.003194 0.002586 -0.000678 -0.012249 -0.002586 -0.010123 -0.000639 -0.005488 -0.068438 -0.055728 0.002146 -0.003454 -0.002944 -0.005347 -0.002421 -0.006566 -0.014515 -0.003200 -0.002613 0.002883 -0.005110 -0.004349 0.001270 -0.014611 -0.009080 -0.001509 -0.009152 -0.000060 0.004052 0.000219 -0.000982 -0.000247 -0.001924 -0.000674 -0.000146 -0.006928 0.000035 -0.000106 -0.000347 -0.000297 -0.002501 -0.005501 -0.010593 -0.004923 -0.000594 -0.005269 -0.001718 -0.003015 0.000579 -0.007155 0.004408 -0.000209 0.001410 -0.006454 0.000062 -0.025506 -0.000732 0.010810 -0.003295 -0.005689 -0.001573 -0.002066 -0.000565 -0.000537 -0.002643 -0.003110 -0.001088 -0.008542 0.002503 -0.006515 -0.005185 -0.003489 -0.000026 -0.000450 -0.014724 -0.008015
-0.008377 -0.031711 -0.003605 -0.074955 -0.005888 0.075501 0.168970 -0.007076 0.030783 -0.065471 -0.069117 0.003309 -0.292260 0.005573 -0.098576 -0.001995 0.062240 0.065064 -0.007612 -0.005470 -0.037142 0.010376 -0.163790 -0.004940 -0.110718 -0.006173 -0.003935 0.001340 0.001944 -0.171327 0.090084 -0.134615 -0.180396 -0.144073 0.062392 0.002375 0.037273 -0.000193 0.034444 -0.071986 0.005557 -0.004621 0.072553 -0.003309 -0.003817 -0.185411 0.030544 0.002569 -0.025171 -0.007055 -0.001879 0.048208 -0.002883 -0.035299 -0.004997 -0.081660 -0.028742 -0.058073 0.028106 0.128608 -0.160910 0.027162 -0.009941 0.029641 0.007253 -0.009066 0.000921 -0.020140 0.003813 -0.007908 0.085879 0.036207 -0.064555 0.058370 -0.006858 -0.008206 0.049318 0.028765 -0.056907 0.049930 0.010737 0.015756 0.000057 -0.001141 -0.006586 -0.041173 -0.019043 0.087078 0.004297 -0.029053 -0.031454 -0.005674 0.100182 -0.031292 -0.007898 -0.050285 0.003774 -0.073532 -0.000543 0.057530 0.047941 0.111631 0.013153 -0.001721 -0.000836 -0.069786 0.003524 -0.168299 0.006842 0.029825 -0.118917 0.037807 0.002620 -0.195772 -0.255945 -0.009477 0.000542 -0.071787 -0.054469 0.040381 0.036701 0.010822 -0.230895 -0.062927 0.000890 0.000557 -0.060361 0.014513
-0.415095 -0.196370 -0.000614 -0.166033 -0.004487 0.101011 -0.079261 -0.001976 0.027311 -0.155973 -0.181605 0.005837 -0.655978 0.067467 0.032485 -0.152566 -0.009026 0.088358 -0.031931 0.023033 0.048617 -0.160449 -0.292233 0.031132 -0.380631 -0.007869 -0.002389 -0.004117 -0.014981 0.219342 -0.134681 -0.124318 -0.160136 -0.013549 -0.209139 0.135175 0.003243 0.001403 -0.063102 -0.084641 -0.002580 -0.277780 0.036388 -0.015410 0.007383 -0.129062 0.000095 -0.000106 0.002858 -0.380316 0.004760 0.071552 0.001872 0.001623 0.008034 0.136314 -0.301396 -0.318798 0.002972 -0.044666 0.518363 -0.336214 -0.032608 -0.241884 -0.002524 -0.011860 0.003471 0.083263 0.003817 -0.022976 0.056449 -0.136711 0.088827 -0.080847 -0.045570 -0.095151 -0.156164 -0.008050 -0.294395 -0.099525 0.079873 0.083055 -0.015932 -0.006396 -0.009177 -0.007937 0.039233 0.021037 -0.060273 0.218002 -0.056990 0.000528 0.009384 0.087345 -0.063355 0.077743 0.033479 -0.257796 -0.063564 0.016581 0.042861 -0.182356 -0.009319 -0.004271 0.032990 0.576778 0.049530 -0.083465 0.005880 -0.539393 -0.175944 -0.158066 0.066190 -0.258101 0.053819 -0.014186 -0.005187 -0.075908 -0.009555 -0.224249 0.001352 -0.076099 -0.370064 0.044643 -0.005634 0.005560 -0.105727 0.206465
0.006207 -0.033416 -0.001663 -0.006200 0.000621 -0.001360 -0.004634 -0.000228 0.000482 -0.008346 -0.006513 -0.003483 -0.007560 -0.003964 -0.005760 -0.012725 0.000237 -0.007758 -0.002227 -0.006852 -0.038772 -0.018843 -0.014102 -0.000736 -0.033800 -0.001333 -0.002574 0.000311 -0.007456 -0.050526 -0.002582 -0.001329 -0.071046 -0.008122 -0.010756 -0.006914 -0.003986 -0.001099 -0.001864 -0.002846 -0.001907 -0.010711 -0.009783 -0.002460 0.003477 -0.005329 -0.001561 -0.016691 -0.000339 -0.004038 -0.002966 0.005916 -0.005037 -0.004688 -0.007245 0.000878 -0.001779 -0.010322 0.001771 -0.008028 -0.005578 0.003035 -0.016688 -0.009861 -0.001538 -0.005833 -0.008876 -0.007937 -0.004051 -0.013844 -0.003707 0.000196 -0.004010 -0.007506 -0.002695 0.000559 0.003337 -0.015350 -0.070212 -0.002609 0.001397 -0.000629 -0.001119 0.000737 0.001629 -0.008966 -0.000668 0.000135 0.000255 -0.003375 -0.007433 -0.009173 -0.002877 -0.037729 -0.016379 -0.003835 -0.010799 -0.011071 -0.005047 0.001676 -0.005385 -0.012256 0.007434 -0.000899 0.000666 -0.023761 -0.005374 -0.006021 -0.033041 -0.002825 -0.010030 -0.011691 -0.004711 -0.002047 -0.016025 -0.010296 -0.004262 -0.056654 -0.008082 -0.002758 -0.002498 -0.001104 -0.037113 -0.064654 -0.002376 0.000859 -0.002413 0.000418
-0.024915 0.024009 -0.001659 0.074182 -0.003283 -0.009931 0.005763 -0.000254 0.008799 -0.069361 -0.025543 0.002557 -0.175311 -0.059277 -0.050398 -0.016294 -0.091103 0.007578 -0.042694 0.017382 -0.024034 -0.008612 -0.055383 -0.024343 -0.212823 -0.000051 -0.004351 -0.000305 -0.000685 -0.242566 -0.003247 0.021826 -0.070633 0.003816 0.031979 -0.006919 0.001418 0.008551 0.010743 -0.013008 -0.011822 -0.031719 0.012838 -0.002812 0.002768 -0.044789 -0.043393 -0.005608 0.015951 -0.044544 0.002065 -0.005879 -0.003991 -0.011462 -0.005448 -0.045914 -0.047359 -0.044878 0.100385 0.020426 -0.130596 0.020709 -0.006910 -0.024675 -0.013524 -0.004423 -0.002229 -0.023628 0.009064 -0.023164 -0.041755 -0.008841 -0.061653 0.059619 -0.011623 -0.009683 0.024449 -0.006236 -0.147497 -0.021335 0.039631 -0.000885 -0.006318 -0.000813 0.037290 -0.009353 -0.007010 0.024239 -0.019554 0.043744 0.066357 -0.015757 -0.021537 0.017068 -0.000624 -0.046082 -0.004262 -0.109034 0.040072 -0.004556 0.127057 -0.000479 0.002813 -0.001327 -0.013031 -0.033278 0.004111 -0.090607 0.009464 0.075999 -0.050409 -0.008168 -0.017366 -0.110761 -0.059934 -0.009982 0.005604 -0.008567 -0.012472 0.014307 -0.002519 0.008368 -0.172921 0.010716 -0.004434 -0.002626 0.067499 0.023505
0.018055 -0.097969 -0.011055 -0.050753 -0.006879 -0.049822 -0.097328 -0.003337 0.035306 0.356646 -0.185296 -0.016568 0.662533 0.047215 0.011896 -0.051756 0.125495 -0.219684 -0.017863 0.046146 0.158824 0.322427 -0.484140 0.054589 0.069492 -0.016035 -0.009483 -0.001915 -0.064383 -0.284394 -0.032203 -0.044773 -0.229681 -0.084177 -0.261669 0.218857 -0.001451 -0.011508 0.038385 0.216731 -0.006230 0.086111 -0.331256 0.021217 -0.013677 -0.159181 -0.023932 -0.003256 -0.090482 0.206868 0.001553 0.124940 0.000883 0.062030 0.009188 -0.283502 -0.232683 -0.225580 0.003984 -0.005887 0.409203 0.027482 0.032225 -0.042717 0.008480 -0.003389 -0.001798 0.187637 0.022059 -0.048246 -0.170643 -0.231143 -0.258779 -0.021680 0.010663 0.239260 0.106433 -0.007871 -0.251551 -0.329254 -0.005104 -0.039061 -0.005878 -0.023108 0.000675 0.020533 -0.090923 0.073879 -0.037770 0.265249 -0.132837 0.017967 -0.233695 0.191646 -0.038607 -0.235653 0.005045 -0.434605 -0.054362 0.018791 -0.041032 -0.228684 -0.001405 -0.009696 0.087423 -0.434052 0.024410 -0.466836 0.017655 -0.009035 -0.180265 -0.123772 -0.028408 -0.325387 -0.283511 -0.005238 0.002788 0.301758 -0.101326 -0.229953 0.004081 -0.126475 -0.074649 -0.012275 -0.001461 0.001636 0.017148 -0.065872
0.285518 0.050970 -0.012901 -0.221351 -0.005927 -0.010816 0.075597 -0.002128 0.005965 0.259448 -0.004645 0.085291 -0.072060 -0.074275 -0.008115 0.056274 -0.004547 -0.050147 0.035267 -0.017749 0.253798 -0.095846 -0.350882 -0.003601 -0.179990 -0.027698 -0.002438 0.000625 -0.015449 0.084619 0.070632 0.331144 -0.108428 -0.084860 -0.154513 -0.008265 0.039308 0.000311 -0.037431 -0.097997 0.002278 0.316041 0.483970 0.020240 -0.040794 -0.150113 -0.016446 -0.008892 0.027773 0.021918 0.001606 0.075512 -0.019754 -0.006622 -0.016708 -0.059955 0.293115 -0.022555 0.033187 -0.010475 -0.227419 0.141473 -0.016319 0.315264 0.028083 -0.023702 -0.035099 0.043708 0.010344 -0.013540 0.196086 -0.037192 0.038824 -0.019107 -0.001980 -0.013748 0.073783 0.008893 0.324970 -0.078140 -0.028135 -0.033991 -0.003779 -0.001950 -0.000969 0.024579 0.091597 0.075730 -0.009230 0.061355 -0.077563 -0.012465 -0.092625 0.004424 -0.018794 0.037200 -0.083946 -0.133168 0.011290 -0.025829 -0.095444 -0.097364 -0.000544 -0.009254 0.145614 -0.204849 0.003251 -0.163944 -0.119945 0.164095 -0.222658 0.124045 0.003984 -0.108765 0.274092 0.015405 -0.002961 -0.011039 0.010710 -0.034573 0.008554 0.041617 -0.135971 -0.057066 -0.007222 0.001551 -0.171671 0.222973
-0.151549 -0.065209 -0.003614 0.003934 -0.007094 0.003037 -0.041048 0.008166 0.040521 -0.042699 -0.106077 -0.001113 -0.133067 0.002629 -0.084427 -0.016271 0.059824 -0.012846 0.049250 -0.006971 -0.039050 -0.008141 -0.150589 -0.034345 -0.067016 -0.007495 -0.000417 0.000323 0.002035 -0.136714 -0.010533 -0.013950 -0.049318 -0.104116 -0.010537 -0.021743 -0.007336 -0.018679 -0.003782 0.118035 -0.001156 -0.074210 -0.029615 0.009865 -0.000213 -0.031586 0.025976 -0.007011 0.040114 -0.087341 -0.001362 -0.096537 -0.001609 0.007466 -0.005395 -0.009131 -0.044753 -0.089424 0.000162 0.026380 -0.121020 -0.005443 -0.011039 -0.034635 -0.020611 -0.010097 0.018631 -0.008610 0.003593 -0.035910 -0.017929 -0.003824 -0.015237 0.009434 -0.004954 0.035037 -0.020715 0.006027 -0.060340 0.000669 -0.030922 0.050861 0.000192 0.001045 -0.000781 0.121457 0.034543 0.072220 0.017802 0.065955 0.021920 0.000969 -0.061207 -0.060585 -0.015181 -0.064097 0.018256 -0.152126 -0.006598 -0.030068 -0.026436 -0.132112 -0.011882 -0.001215 0.024623 -0.115481 -0.007805 -0.120926 0.033761 0.062105 -0.028095 -0.066458 -0.001444 -0.160697 0.012530 -0.007392 -0.001407 0.065216 0.030488 -0.001621 -0.002803 -0.012632 -0.170462 -0.073456 -0.002202 0.001087 0.089525 0.015746
0.034157 -0.097681 -0.002460 -0.009568 -0.003570 0.113671 0.080166 -0.000160 0.000325 0.090549 -0.026787 -0.022725 -0.004474 -0.110166 -0.012873 -0.012591 0.024637 -0.081144 -0.026682 0.002220 -0.024432 0.026564 0.084763 0.007694 -0.004321 -0.002059 -0.001731 0.004049 0.047416 -0.066409 -0.010609 0.037422 -0.165658 0.165047 0.060444 0.004133 0.124481 0.012719 0.043041 0.123934 -0.001964 0.014879 0.022890 0.027790 -0.000359 -0.152900 0.059189 0.000456 0.192722 -0.010878 0.003392 -0.001532 0.000260 -0.017554 0.000361 -0.113057 -0.097980 -0.142076 0.188578 0.051225 -0.023682 0.020417 0.019406 0.075633 0.043670 0.020076 -0.020159 -0.052529 -0.002743 -0.003178 -0.014319 0.033574 0.086940 0.019938 0.029260 0.229653 0.075877 0.000759 -0.146720 0.023709 0.044971 -0.070800 -0.001780 -0.001215 0.006980 -0.089484 -0.026166 0.061556 -0.010144 -0.031814 0.038707 -0.020442 0.033054 0.117208 0.043151 -0.019866 0.000118 -0.067745 -0.007252 -0.000019 0.029226 -0.045164 0.000424 -0.003713 0.015280 -0.199322 0.000535 -0.030761 -0.010330 0.099919 0.125706 0.005621 -0.016238 -0.181001 0.004499 -0.000634 -0.001658 0.094257 0.059987 0.096382 -0.000678 0.022092 -0.159295 0.005290 -0.002830 -0.003045 0.096578 0.205656
-0.018279 -0.025926 0.004350 -0.017344 0.005578 0.003198 0.000373 0.001556 0.011228 -0.023145 -0.018796 -0.009501 -0.033717 -0.010492 -0.006213 -0.037669 -0.005135 -0.013848 -0.023729 -0.008687 0.003253 -0.000731 -0.020922 -0.015414 -0.038637 -0.007940 0.010606 -0.000440 -0.026666 -0.108628 -0.004771 0.002821 -0.035198 0.001264 -0.009691 -0.009118 -0.012057 -0.001897 0.005397 -0.003596 0.004497 -0.027420 -0.007648 0.002235 0.013658 -0.018791 -0.003436 -0.007062 0.001138 -0.021566 -0.000103 0.007557 -0.004649 0.003016 -0.006686 -0.031106 -0.006409 -0.010099 0.013230 0.003924 -0.036935 -0.001745 -0.001415 -0.008016 -0.001264 -0.010055 -0.009221 -0.015896 0.007882 -0.018718 -0.020276 -0.031388 -0.029040 -0.017223 0.005122 0.019889 -0.003453 -0.018595 -0.034478 -0.019112 -0.003121 0.014574 -0.007580 -0.003973 0.013447 -0.006087 -0.015197 0.002018 -0.005011 -0.006287 -0.003631 -0.012478 -0.013469 -0.011559 -0.023513 -0.030580 -0.016133 -0.013893 -0.008135 -0.008059 -0.019808 0.008346 0.002170 -0.007101 0.003855 -0.005627 -0.017559 -0.021672 -0.001840 0.019378 -0.005492 -0.006456 -0.030016 -0.095107 -0.008588 0.003605 -0.001143 -0.002744 -0.020855 0.002201 0.012554 0.000777 -0.099367 0.008791 -0.003250 -0.001738 -0.001598 -0.009078
0.001182 -0.033133 0.000543 -0.004339 0.001592 0.001805 0.000456 0.000583 -0.000008 -0.009372 -0.019186 -0.001800 -0.007978 -0.007862 -0.013797 -0.010656 -0.002847 -0.008591 -0.002078 -0.005922 0.001848 -0.008381 -0.038254 -0.005346 -0.007029 0.003137 0.001008 -0.001494 -0.003946 -0.021079 -0.030377 -0.000170 -0.007316 -0.009118 0.005322 -0.005867 -0.001061 0.020478 -0.001700 0.002561 0.003925 -0.019601 -0.006523 -0.001973 0.001971 -0.014153 0.002816 -0.005082 0.000883 -0.005332 -0.000206 -0.003906 -0.003882 -0.010283 0.001601 0.006727 -0.001337 -0.032772 -0.000630 0.002842 -0.012764 -0.001325 0.005917 -0.003933 -0.001259 0.002564 -0.007734 -0.005967 0.001637 -0.013446 -0.003184 0.000311 -0.023989 -0.004045 0.001121 -0.011274 -0.002734 -0.003645 -0.018304 -0.017326 -0.003427 -0.001561 0.002913 -0.001452 -0.003171 -0.002023 -0.000905 -0.000437 -0.019945 -0.002273 -0.001105 -0.002100 -0.020854 -0.000837 -0.010311 -0.039835 0.006412 -0.010887 -0.003162 -0.006035 -0.010127 -0.014133 -0.002527 -0.002647 -0.004560 -0.005183 -0.012155 -0.005334 -0.005259 0.002159 -0.006830 -0.006772 -0.003886 -0.040131 -0.012944 -0.002512 -0.001255 -0.003880 -0.010362 -0.000886 0.000698 -0.009404 -0.037842 -0.000038 0.000158 -0.001571 -0.000663 0.000512
-0.091924 -0.085490 -0.005726 -0.014610 -0.008457 -0.028900 -0.072174 -0.014233 -0.042554 -0.054054 -0.149974 -0.001840 -0.113438 -0.036877 0.012032 -0.091868 -0.072667 -0.003367 -0.001567 -0.012193 0.002318 0.026947 -0.089605 -0.002452 -0.113332 -0.008038 0.002497 0.003295 -0.012637 -0.117362 -0.028644 -0.009974 -0.113058 -0.031054 -0.011704 0.031747 -0.013850 -0.003553 0.002086 0.020446 -0.010145 -0.036195 -0.001581 0.000414 0.009275 -0.004351 -0.002143 0.001801 -0.010937 -0.061412 0.002755 0.046200 -0.011069 0.005138 -0.003634 -0.069829 -0.007325 -0.024312 -0.000056 0.004251 0.000663 -0.001321 -0.002113 0.008477 -0.004489 -0.005872 -0.016746 -0.019699 0.012435 -0.005925 -0.012709 -0.001363 -0.035002 -0.037279 0.022546 0.001696 0.024166 -0.029724 -0.155980 -0.075250 0.014104 -0.050745 -0.004155 -0.000388 -0.004013 -0.003774 0.000537 0.006193 -0.003303 -0.021173 -0.007388 -0.010506 -0.017832 0.013052 -0.019709 -0.068314 -0.050093 -0.027850 0.000284 -0.002875 -0.019552 -0.104330 -0.008053 -0.002430 -0.016644 -0.014871 0.000899 -0.211278 -0.017440 0.008363 0.005207 0.067397 -0.013146 -0.119792 -0.070768 -0.013537 -0.003788 0.000815 0.039416 -0.002707 -0.000568 -0.006761 -0.198818 0.025918 -0.000449 -0.006999 -0.043969 0.009203
-0.047111 -0.081186 -0.001714 -0.008829 0.001198 -0.002927 -0.001666 -0.001157 -0.003454 0.007501 -0.004863 -0.004253 -0.037729 -0.009727 -0.039390 -0.000552 -0.002465 -0.006527 -0.018466 -0.000886 -0.076697 0.004101 -0.000177 -0.001851 -0.027551 0.001184 0.003082 0.000699 -0.002185 -0.005809 -0.029930 -0.009309 -0.030201 -0.014891 -0.000833 -0.016327 -0.006817 -0.000934 -0.027066 -0.012701 0.000407 0.007652 -0.007427 -0.001023 -0.002902 -0.018844 -0.019383 -0.001004 -0.010247 -0.013305 0.000735 -0.000659 -0.004215 -0.012027 -0.005275 -0.028496 0.003987 -0.093095 0.000627 -0.027475 -0.037440 -0.002301 -0.003553 -0.063757 -0.003215 -0.006199 -0.004101 -0.006043 -0.010427 -0.003953 -0.000602 -0.038667 -0.035986 -0.024143 -0.003073 -0.017425 -0.009697 0.001123 -0.045961 -0.039781 -0.009303 -0.007121 -0.005318 0.001789 -0.015682 -0.000546 -0.002629 -0.000289 -0.000226 -0.002669 0.000395 -0.009531 -0.006577 -0.004129 -0.009699 -0.033363 -0.000581 -0.010800 0.001135 -0.004032 -0.010048 -0.003581 -0.001234 -0.002155 -0.011479 0.003012 -0.004604 -0.028127 -0.008020 -0.010554 -0.005179 -0.036975 0.000161 -0.058786 -0.004569 -0.001324 0.002956 -0.023908 -0.000210 -0.008960 -0.000651 0.004549 -0.039781 -0.003805 0.000382 -0.001495 0.010893 -0.000143
-0.037167 -0.305479 -0.007897 0.255630 0.002182 0.134053 0.303059 -0.006848 0.027865 -0.179897 -0.173549 -0.006421 0.011551 -0.099585 -0.061020 -0.288053 0.116855 0.044629 -0.013347 0.048031 0.062436 0.191099 -0.325378 0.021111 -0.320604 -0.005855 0.003913 0.000430 0.000158 -0.427287 -0.461678 -0.004276 -0.157157 0.035961 -0.196459 0.106560 0.009689 0.036853 -0.023904 0.093724 0.004052 0.244988 0.114835 0.001495 0.004299 0.341065 -0.035034 -0.011959 -0.043879 -0.095919 -0.000611 0.062547 0.006944 0.008488 0.013914 0.051341 -0.234407 0.015229 -0.046121 0.049461 -0.649156 -0.068672 0.026794 0.314136 -0.090516 -0.008149 0.014112 0.109202 -0.020382 0.028376 -0.106337 -0.010202 -0.084459 0.009685 0.011592 0.065779 0.008616 0.023717 -0.200308 -0.181576 -0.070242 0.004075 -0.005930 0.005811 -0.034943 0.141127 0.016947 0.034106 -0.021946 0.072567 -0.067961 -0.028787 -0.022755 -0.045741 -0.066185 -0.307115 0.080257 0.744649 -0.173438 0.014183 -0.047045 0.201412 -0.005107 0.005266 0.072183 -0.169989 -0.047815 -0.608876 0.074088 -0.162517 0.130371 0.036613 -0.018405 0.378801 0.098090 -0.003736 -0.004473 0.393728 0.009182 -0.074104 0.000946 0.170038 -0.035375 -0.011073 -0.003704 -0.007939 -0.164890 0.065553
-0.005040 -0.037307 -0.002150 -0.004355 0.001664 0.000715 0.002709 -0.003172 -0.011427 0.005208 -0.022232 0.002276 -0.023819 0.010187 0.001473 -0.008872 -0.003569 -0.006333 -0.009089 0.000062 0.003766 -0.006779 -0.021042 -0.000845 -0.019698 -0.001136 0.000959 -0.001857 -0.010095 -0.040580 -0.006513 -0.005942 -0.008788 -0.007682 -0.013777 -0.002892 -0.005695 0.000510 -0.003508 -0.004157 0.001921 -0.012399 0.000395 -0.001021 0.000946 -0.014501 -0.018587 -0.003575 0.000645 -0.019819 -0.002029 0.007812 -0.001861 -0.002534 -0.004726 -0.026556 -0.015523 -0.009201 -0.003076 -0.006591 -0.033328 0.000282 -0.010163 -0.009495 -0.008548 -0.002108 -0.015016 -0.008686 0.005999 -0.003884 0.001954 -0.006246 -0.011300 -0.013781 -0.000934 -0.000767 -0.008529 -0.008037 -0.026369 -0.006769 0.000586 -0.018421 0.000174 -0.001419 -0.004388 -0.004049 0.001236 0.001975 -0.000608 -0.017135 -0.001438 -0.001003 -0.012325 -0.011605 -0.021025 -0.003319 -0.005357 -0.002673 -0.000859 0.002897 -0.008971 -0.004428 -0.006380 -0.000592 -0.010785 -0.013798 -0.000349 -0.012897 -0.002512 0.007985 -0.006966 -0.006840 -0.002267 -0.019719 -0.022554 -0.002815 -0.003720 0.002819 -0.005451 -0.000694 -0.001517 -0.002704 -0.014977 0.002114 0.001141 -0.001058 0.003256 0.020448
-0.041866 -0.309856 -0.002258 -0.152016 -0.009831 -0.090617 0.086014 0.000218 0.036719 0.123123 0.005060 -0.022499 -0.571038 -0.285390 -0.102159 -0.089773 0.176743 0.005374 -0.012610 -0.026819 -0.205054 0.444864 0.257242 -0.021915 -0.295429 -0.011759 0.005715 0.004108 0.030682 0.081040 -0.209454 -0.279637 -0.451978 -0.286974 -0.082306 0.012836 -0.002775 0.003656 -0.072461 -0.136196 0.007273 0.061140 0.106476 0.004715 0.006554 -0.250048 0.062589 0.005139 0.048719 0.143542 0.004163 0.026389 -0.001854 -0.002914 -0.000979 0.385818 -0.081397 0.029929 -0.082743 -0.035442 -0.327246 0.141471 -0.011388 0.099829 -0.022935 0.017741 0.015718 0.393492 -0.004040 -0.035773 -0.081186 -0.201675 0.278420 -0.039828 -0.016724 -0.294650 -0.052935 0.000620 -0.275962 -0.178897 0.029499 0.084251 -0.004050 -0.015493 0.000107 0.034087 -0.018951 0.058089 -0.002723 -0.274397 -0.011003 -0.030997 -0.143687 -0.342300 0.012096 -0.106788 -0.067879 -0.510478 0.293409 -0.025178 0.000501 0.059118 0.005048 -0.007682 -0.097470 -0.039765 -0.019283 0.685005 -0.006096 0.305350 -0.268227 0.152408 0.000035 -0.329322 -0.264224 0.007134 0.005443 -0.097821 0.023509 0.143123 0.000168 -0.056465 -0.276366 0.094459 0.024370 0.000559 -0.257450 0.015673
0.315014 -0.047543 -0.000685 -0.018081 -0.001538 -0.130497 -0.064751 -0.001031 -0.077282 -0.326792 -0.074210 0.000330 -0.229378 -0.033077 -0.025423 -0.142753 0.283175 -0.000352 -0.000419 -0.002599 -0.135423 0.070574 0.045151 -0.003804 -0.187432 -0.002012 -0.002059 0.001939 -0.010313 -0.272263 -0.025541 -0.533628 -0.017626 0.075848 0.097624 -0.108989 -0.001306 -0.001990 0.034914 -0.013602 0.002227 -0.176626 0.339650 -0.001382 0.002177 -0.096617 -0.023027 -0.001496 0.259778 0.022879 0.002332 -0.129539 0.000485 0.001320 -0.006439 -0.259703 -0.087662 0.095579 0.001610 0.076288 -0.285122 0.249065 0.000516 0.130629 0.033391 -0.002190 -0.001404 0.095449 -0.000311 0.014510 -0.040990 -0.174994 0.431383 0.001877 -0.001627 0.101917 0.072639 -0.000835 -0.291416 -0.158587 0.037911 -0.129758 -0.002926 -0.001764 -0.000281 -0.052830 -0.062061 -0.060284 -0.000719 -0.142197 -0.056543 -0.000347 -0.106356 -0.002455 -0.002493 0.080322 -0.002584 -0.365404 0.191628 -0.002325 -0.082285 -0.354098 -0.000828 -0.001178 0.158280 0.003127 -0.002046 0.178198 -0.063043 0.284678 -0.174711 0.036421 -0.001064 -0.172587 0.041032 0.001948 0.000371 0.070219 -0.064862 0.282567 -0.001175 0.087369 -0.237208 0.124036 0.000045 -0.000145 -0.095558 0.181949
-0.012250 -0.016373 0.001684 -0.001420 -0.008390 0.010402 0.000151 0.009408 -0.006072 -0.016277 -0.012065 -0.021341 -0.050098 0.005568 -0.006405 0.025423 0.003671 0.002096 -0.015691 -0.000352 -0.023923 0.003081 -0.019214 -0.016896 -0.042732 0.004245 0.000509 0.001369 -0.016681 -0.077333 0.000647 0.004978 -0.032171 -0.022516 0.010788 -0.008587 0.002241 -0.016567 0.002388 -0.029546 -0.005560 -0.010140 0.019601 0.000937 -0.003516 -0.020174 -0.033269 0.003701 0.004965 -0.043851 0.005125 -0.014066 -0.002979 -0.001846 -0.015449 -0.008296 -0.010646 -0.065019 0.036067 -0.010282 -0.009286 -0.000957 -0.013515 -0.006923 -0.000882 -0.006162 -0.011557 -0.015290 0.007127 -0.011366 -0.012486 -0.010558 -0.008655 -0.038057 0.002998 -0.039393 -0.000472 -0.006963 -0.049190 -0.006364 -0.000468 -0.032086 -0.002828 0.014050 -0.021831 -0.001497 -0.016089 0.008290 0.009256 0.000076 -0.029417 -0.015113 0.025225 -0.015723 -0.012093 -0.053252 -0.013865 -0.064574 -0.003192 -0.005272 -0.020252 0.004246 -0.001182 -0.004128 -0.000373 -0.051781 0.007356 -0.026852 -0.007072 0.002166 -0.008793 0.001967 -0.016304 -0.037364 0.000295 -0.002083 -0.007235 0.003724 -0.008717 -0.015230 0.000479 -0.006733 -0.031529 -0.020519 0.002713 -0.000792 -0.003367 -0.001264
0.232415 0.054485 0.011833 0.179586 -0.012671 0.234382 0.035045 0.008447 0.157499 0.251494 -0.019681 -0.004768 -0.087242 -0.084501 0.026932 0.203518 0.138346 -0.256326 -0.009473 -0.002962 0.008913 0.022009 -0.149334 -0.028584 -0.498717 0.018372 0.001213 0.000758 -0.002697 0.087129 0.013297 0.033554 -0.137800 0.215621 0.000054 0.191113 0.008299 -0.029445 0.012025 0.162672 0.011697 0.002509 0.304676 -0.020294 0.003207 -0.209687 -0.021047 -0.015939 0.380066 -0.264958 0.007301 -0.086262 -0.004977 0.031903 0.019726 -0.032261 -0.484090 -0.479979 0.004490 0.013402 -0.356280 0.236356 -0.017401 0.273576 -0.022746 -0.013862 -0.012758 0.136468 -0.000446 -0.047207 0.023410 0.258110 0.227114 -0.051835 0.009159 0.318898 0.376644 0.015929 -0.192971 0.076095 0.004641 -0.038430 0.011941 0.009289 -0.005804 0.038156 -0.044453 -0.069308 -0.001686 -0.113059 0.318941 -0.020404 -0.158214 -0.019128 -0.014712 -0.090661 -0.006228 0.360485 0.022438 -0.002909 -0.080402 0.352568 0.003395 -0.003622 0.092598 -0.207428 0.006059 0.510697 -0.137897 0.025151 0.424228 -0.156137 -0.007067 -0.350737 -0.040621 -0.024205 -0.005226 0.097025 0.007602 0.258334 -0.004115 0.172753 -0.262749 0.047082 -0.003387 0.001174 0.371782 0.039227
-0.006280 -0.013441 0.000471 -0.008799 0.000778 0.006110 -0.003100 0.002556 -0.002124 0.000996 -0.026840 -0.002092 -0.005358 -0.017182 -0.000131 -0.005735 0.001493 -0.010671 -0.001899 -0.007791 -0.003726 0.003565 -0.028854 -0.003625 -0.019262 0.003647 -0.001659 -0.001630 -0.009523 -0.025033 0.000325 0.017576 -0.008758 -0.012408 -0.000876 -0.006620 -0.006297 -0.000498 0.008816 0.002744 0.004753 -0.004033 -0.004613 0.001220 -0.000009 -0.020784 -0.010130 0.003431 -0.002346 -0.009740 -0.000088 -0.004225 0.000615 -0.003160 0.012629 -0.005970 -0.005759 -0.076090 0.003944 -0.051623 -0.016263 -0.001060 -0.009794 -0.012068 -0.005348 -0.003602 -0.015105 -0.009919 0.000539 0.000419 0.005834 -0.006544 -0.022938 -0.005508 -0.004928 0.000366 -0.003668 -0.002974 -0.018920 0.000171 0.004955 -0.014139 -0.013694 0.002346 -0.000156 0.002366 -0.001523 -0.002808 0.003220 -0.008176 -0.000746 -0.011717 -0.008849 0.001598 -0.008234 -0.069786 -0.001176 -0.029550 -0.010483 -0.021651 0.001665 0.001434 -0.004580 -0.002738 -0.001420 -0.009254 -0.000745 -0.024993 0.004549 0.004763 -0.015782 -0.001033 -0.010934 -0.092986 -0.017054 0.005538 -0.020722 0.000875 -0.016804 -0.006060 -0.007559 -0.028821 -0.040414 -0.007832 -0.001943 -0.002691 0.000897 -0.001010
0.198773 0.180129 -0.003764 -0.032946 0.003728 0.222057 0.185037 -0.001489 0.184554 0.008643 -0.143819 -0.015903 0.075168 -0.108791 -0.046025 0.177986 0.264253 0.130639 -0.007377 0.059679 0.262845 -0.195170 -0.432036 0.002687 -0.141212 -0.021072 0.009076 -0.001409 -0.050977 -0.428799 0.170008 0.371412 0.003320 0.663198 -0.409104 0.338860 -0.003807 0.014601 -0.175467 0.282227 0.011501 0.354180 0.163250 0.008048 -0.011439 0.306895 -0.038531 -0.002249 0.160797 0.309773 0.004675 0.345685 -0.011797 0.008452 -0.008532 -0.012871 0.216522 -0.086426 -0.041127 0.040338 -0.089566 0.133125 0.009302 0.296443 0.007032 0.004685 -0.015858 0.016793 -0.003722 0.001242 0.248286 0.394759 -0.363088 -0.024006 -0.003044 0.275134 0.357655 -0.013597 -0.246049 -0.014546 0.048098 -0.040125 -0.000917 0.004262 -0.029825 0.074747 -0.009137 0.384684 0.008960 0.364200 0.200542 -0.011771 -0.067875 0.038055 -0.044299 0.160085 -0.017069 0.225157 0.158216 -0.007638 -0.147469 0.078344 0.000928 0.002121 -0.088109 -0.384308 0.013013 -0.295874 -0.029666 0.130882 0.446868 -0.004446 0.001130 -0.130514 0.528082 -0.003575 -0.005874 0.122847 -0.001805 0.000434 -0.001047 0.045456 -0.054671 0.084462 -0.001750 -0.006768 -0.137095 0.674039
-0.006945 -0.012400 -0.000647 -0.003779 0.013094 -0.007258 -0.008447 -0.001303 -0.045330 -0.007177 -0.031015 0.000719 -0.006785 -0.000371 -0.024893 -0.013908 -0.003520 -0.012781 -0.005676 -0.006233 -0.003862 -0.009334 -0.098825 0.000843 -0.040265 0.003777 0.000903 0.000606 -0.006142 -0.031808 -0.017951 -0.007084 -0.042890 -0.014092 -0.011947 -0.017716 0.000636 0.009550 -0.007728 -0.020258 -0.002884 -0.023460 -0.015069 -0.001219 -0.007340 0.018912 0.006088 0.003404 -0.002190 -0.042910 -0.008216 -0.028108 -0.001338 0.000111 0.014240 -0.035261 0.006692 -0.034131 0.011401 -0.011385 -0.014325 -0.007852 0.001134 -0.007751 -0.038700 0.003269 -0.004953 0.002351 0.010115 -0.002664 -0.008242 0.024774 -0.010257 -0.042424 0.009414 0.007532 -0.017685 -0.000231 -0.064566 -0.008542 0.002399 -0.013790 0.003176 -0.005567 -0.003324 -0.012905 -0.016812 0.009608 -0.005585 0.015498 0.002808 -0.006038 -0.013239 -0.005425 0.006002 -0.023802 0.006173 -0.075025 0.003700 -0.019220 -0.028117 -0.002957 0.002666 -0.008076 -0.010208 -0.090068 0.001693 -0.013988 -0.018637 -0.000411 -0.005325 -0.026549 -0.002949 -0.089516 -0.025859 -0.003140 0.001949 -0.015540 -0.007644 -0.008356 -0.000407 -0.001171 -0.049561 -0.004355 0.000448 -0.001941 -0.034585 0.004343
-0.015369 -0.132589 -0.000887 -0.014798 0.000178 -0.002546 -0.004250 0.000284 -0.007799 -0.022919 0.047785 0.001063 -0.035021 -0.085985 0.000974 -0.121916 -0.007436 0.000862 0.013540 -0.012889 0.018850 -0.016369 -0.111794 -0.024003 -0.172088 0.001116 0.004141 -0.004191 -0.008444 -0.107739 -0.001817 -0.009242 -0.302814 -0.016175 0.056006 -0.027880 -0.007100 -0.003174 0.133010 -0.013767 -0.007947 -0.004325 -0.001674 -0.005124 -0.003199 -0.028591 -0.020453 -0.002961 -0.026783 -0.008454 0.002134 -0.082709 -0.002198 -0.001103 -0.003360 -0.182126 -0.014000 -0.126181 -0.040645 0.002325 -0.095153 -0.016053 -0.004451 -0.010654 0.016395 0.008522 -0.007783 0.001236 0.002712 -0.008401 -0.005992 -0.019287 -0.019055 0.010699 -0.000524 0.026035 0.000111 -0.001929 -0.079461 -0.001672 0.012689 -0.012324 -0.011218 -0.002250 -0.005347 -0.006594 0.006035 -0.002423 0.014173 -0.008090 -0.001972 0.002133 0.002296 -0.031683 -0.013269 -0.039065 -0.002989 -0.209271 -0.002337 -0.012758 -0.017908 -0.063067 0.010275 -0.008450 -0.000530 -0.101785 -0.008613 -0.053527 -0.002163 -0.001521 -0.013381 -0.002469 0.040112 -0.006863 -0.030439 0.008371 0.001572 -0.020781 -0.005079 -0.004285 0.000834 0.178713 -0.129443 -0.041137 -0.005079 0.000387 0.001729 0.030485
0.494097 -0.005525 -0.023497 0.053832 -0.010463 0.030661 0.274947 0.000649 -0.025666 0.341601 -0.059942 -0.015285 -0.111796 -0.068724 -0.004856 -0.050488 -0.199213 -0.007601 -0.035211 0.002175 0.371809 -0.021074 -0.050182 0.016610 -0.129317 -0.013104 0.005453 0.000836 -0.005795 -0.022328 -0.147043 0.206073 -0.111293 0.031187 0.024626 0.224824 -0.002943 -0.000911 -0.039558 -0.007258 0.001500 0.330664 -0.040609 -0.024851 0.008229 0.182261 -0.029105 -0.016537 0.158781 0.086600 -0.000213 -0.000269 0.009128 -0.005001 -0.000401 0.427165 -0.495737 -0.295258 0.025405 -0.012831 0.156745 -0.124203 -0.019089 -0.263171 -0.007644 -0.005870 -0.011607 0.331460 0.019351 -0.006610 0.370263 -0.264332 0.239327 -0.022721 0.001119 0.154134 -0.005852 0.002234 -0.303531 -0.118586 -0.001144 0.004597 -0.003968 0.000200 0.002339 -0.015149 0.001677 -0.018311 -0.010018 -0.016129 -0.293870 -0.008857 0.008526 -0.132485 -0.009307 0.656935 -0.023988 -0.099072 0.544531 0.003323 -0.022984 -0.440778 -0.007796 -0.005137 0.012388 0.179088 -0.006018 0.097097 -0.012949 0.384293 0.297932 -0.263722 -0.025828 -0.496041 -0.113209 0.000815 -0.004902 0.436328 -0.018641 0.031789 -0.008433 0.024747 -0.131365 0.004724 -0.000163 -0.002952 0.023407 0.236121
