-0.236617 -0.006359 0.054171 -0.120059 -0.002473 -0.153647 -0.384984 -0.020738 -0.369665 0.061583 -0.033241 -0.214407 -0.443410 -0.849425 -0.612177 -0.101763 0.000554 -0.180774 -1.095773 -0.082153 0.398290 0.084035 -0.536148 -0.566552 -0.045054 -0.375023 -0.023301 0.018814 -0.151900 0.054211 -0.508746 -0.258960 -0.038132 -0.544413 -0.315430 0.030935 -0.323284 -0.521635 -0.051929 -0.397893 -0.060331 -0.081790 -0.651073 -0.007786 -0.084290 -0.701303 -0.982383 -0.020706 -0.042318 0.045969 0.014969 -0.096871 0.077875 -0.341678 0.004335 -0.408583 -0.383720 -0.034434 -0.652700 0.061880 -0.494119 -0.012571 -0.148075 -1.754248
-0.063883 -0.032845 -0.017803 -0.274474 -0.000011 -0.244966 -0.319620 -0.037590 -0.349504 -0.028857 -0.074165 -0.265656 -0.885321 -0.145006 0.455751 -0.177095 -0.018259 -0.343438 -0.224000 -0.086749 -0.989216 -0.074622 -0.337266 -0.373183 -0.045276 -0.363937 -0.005259 -1.284762 -0.072706 -0.001779 -0.215050 -0.391049 -0.008174 -0.620097 -0.484824 -0.001519 -0.898871 -0.056510 0.092242 -0.463981 -0.041346 -0.083022 -0.304256 -0.001745 -0.000161 -0.192048 0.042057 -0.076730 -0.249144 -0.076830 0.004130 -0.048390 -0.020380 -0.616958 -0.017527 -0.278120 -0.141365 0.003518 -0.474936 -0.020750 -0.121895 -0.039407 -0.044860 -1.477038
0.013837 -0.029496 -0.063754 0.095172 -0.005142 -0.106524 -0.210719 0.002211 -0.341866 -0.059053 -0.061990 -0.669171 -0.154769 -0.847094 -0.333161 -0.033394 -0.015126 -0.234144 -0.538048 -0.081943 -0.209441 -0.598121 0.510654 -0.454260 -0.358420 -0.000313 0.003784 -0.303571 -0.224199 -0.063013 -0.302268 -0.865963 0.011014 -0.712720 -0.334905 -0.004635 -0.098079 -0.700651 -0.274792 -0.300570 -0.051829 -0.151927 -1.036690 -0.000825 0.030744 -0.547801 -0.372529 -0.117865 -0.287869 -0.067668 0.001486 -0.202029 -0.069743 -0.248847 0.009356 -0.183081 -0.206938 0.001992 -0.904374 -0.051972 -0.389748 -0.004800 -0.071680 -0.641828
-0.110114 0.011376 -0.001107 -0.016410 -0.008761 -0.809294 -0.205736 -0.049226 -0.120173 -0.013323 -0.069868 -0.279282 -0.271769 -0.322028 -0.273218 -0.110559 -0.000128 -0.394074 -0.239634 -0.079501 -0.173903 -0.490488 -0.086065 -0.264454 -0.386710 -1.019020 -0.003640 -0.091465 -0.197113 -0.004996 0.061245 -0.572478 -0.021650 -0.237574 -0.348552 -0.030110 -0.181255 -0.439677 -0.235075 -0.166064 -0.075409 -0.148236 -0.361066 0.016160 -0.192280 -1.011293 -0.925168 -0.043167 -0.044307 -0.069660 0.008279 0.052596 0.010881 -0.770233 0.005317 0.473681 -0.015215 -0.010656 0.165343 -0.005464 -1.002147 -0.035768 0.057009 -0.406209
-0.106877 -0.058777 -0.003808 -0.108094 -0.005845 -0.454178 -0.231948 -0.018278 -0.278249 -0.009856 -0.065358 -0.515265 -0.408743 -1.036178 -0.218054 -0.033680 0.005444 -0.108174 -0.240993 -0.060387 -0.437999 -0.083102 -0.348712 -0.366631 -0.550251 -1.024259 -0.027590 -0.477262 -0.204227 -0.010906 -0.111913 -0.528256 -0.004578 -0.473710 -0.940630 -0.005330 -0.488255 -1.416257 -0.316423 -0.730580 -0.075007 -0.198067 -0.318108 0.004076 -0.112553 0.463740 -0.549295 0.030316 0.003867 -0.067012 -0.009300 -0.103226 -0.021336 -0.367167 -0.020436 -1.914549 -1.155460 0.029348 -0.271921 0.001905 -0.140385 0.028286 -0.122218 -0.350879
-0.152176 -0.034619 -0.023275 -0.083235 -0.004451 -0.058366 -0.417276 -0.016866 -0.449759 0.008535 -0.075257 -0.392116 -1.021646 0.009335 -0.690937 -0.038955 -0.000978 -0.362792 -0.632237 -0.097060 -0.386741 -0.158077 -0.359871 -0.247832 -0.338845 -0.599076 -0.004820 -0.327517 -0.353822 0.000949 -0.350833 -0.336897 0.019309 0.526218 -0.227812 -0.016593 0.006931 -0.311769 -0.224905 -0.424302 -0.041899 -0.030497 -0.402589 -0.005071 -0.153628 -0.453523 -1.040810 -0.099862 -0.212640 -0.070844 0.012048 0.032858 -0.007255 -0.050653 -0.016222 -0.135397 -0.300900 0.011205 -0.614965 -0.018653 -0.591890 -0.091090 0.048606 -0.790520
-0.343317 -0.106184 -0.069438 -0.058359 -0.000671 -0.577545 -0.289836 -0.032058 -0.308783 -0.061776 -0.029620 -0.837873 -0.238319 -0.570724 -0.480462 -0.019902 -0.005174 -0.011161 -2.113673 -0.066954 -0.186756 -0.422258 -0.392428 -0.514195 -0.169886 -0.425246 -0.016279 -0.500993 -0.247128 -0.066655 -0.159361 -0.465935 0.004365 -0.297442 -0.161819 -0.026939 -0.477653 -0.110060 0.079712 -0.306894 -0.061006 -0.006409 -1.096907 -0.001829 -0.148885 -0.223964 -0.604757 -0.001736 -0.311333 -0.022796 -0.036183 -0.154258 -0.081965 0.392645 0.008917 -2.185202 -0.402405 -0.014190 -0.346825 -0.069464 -0.087934 -0.001930 -0.290411 -1.138884
-0.042257 -0.109934 -0.073653 -0.106835 -0.011911 -0.120062 -0.162458 -0.063494 -0.559232 -0.086341 -0.076163 0.027093 -0.625588 -0.173967 -0.147816 -0.175366 -0.001966 -0.224649 0.506389 -0.087531 -0.575152 -0.760767 -0.215187 -1.042360 -0.260209 -0.150236 -0.002287 -0.397348 -0.053858 -0.091562 -0.349903 -0.273294 -0.062721 -0.927560 -0.295037 -0.007396 -0.902140 -0.650001 -0.150466 -0.358757 -0.057923 -0.072492 -0.306296 -0.029283 -0.146148 -0.198973 -0.168926 -0.041998 -0.064006 -0.074401 0.000444 -0.167409 -0.040311 -1.572094 0.000830 -0.415094 -1.244124 -0.011001 -0.567100 -0.030676 -0.384808 0.003287 -0.041947 -0.723357
-0.286840 -0.051472 0.001846 -0.222857 0.012099 -0.487115 0.175499 -0.012421 -0.136940 -0.023143 -0.070341 -0.603202 -0.815252 -0.317166 -0.264613 -0.011960 0.011462 -0.699439 -0.578719 0.071992 -0.533964 -0.663906 -0.506420 0.754907 -0.403842 -0.284745 -0.002398 -0.526413 -0.090547 -0.005473 -0.295313 -0.065770 0.006125 -0.332941 -0.304946 -0.022660 -0.131240 -0.171392 -0.168480 -0.252921 -0.070222 -0.037246 -0.277989 -0.001697 0.004327 -0.585205 -0.633174 0.034374 -0.011552 -0.084209 0.005169 -0.101611 -0.117393 -0.401024 0.008828 -0.457000 -0.571133 -0.025111 -0.335472 -0.001710 -0.567533 -0.028993 -0.362269 -0.779214
-0.118933 -0.014195 0.001440 -0.043598 -0.005949 -0.025545 -0.331433 -0.048268 -0.442542 -0.015727 0.047828 -0.123828 -0.148106 -0.815413 -0.254617 -0.113584 -0.007125 -0.322745 -0.208098 -0.102408 -0.298444 -0.430168 -1.195337 -0.463023 -0.582775 -0.823417 0.002861 -0.309510 -0.131677 0.010706 -0.315820 -0.515799 -0.005677 -0.126847 -0.287383 -0.007943 -0.467060 -0.207432 -0.032617 -0.151682 0.051892 -0.099726 0.630017 -0.001386 0.018973 -0.315083 -0.866847 -0.074333 -0.051660 -0.080176 -0.004188 -0.132802 -0.058739 -1.233332 0.017124 -0.374636 -1.576371 -0.032420 -0.700932 -0.001743 -0.907026 0.014048 -0.217607 -0.196608
