-0.951400
-0.000664
0.102533
0.157070
-0.076566
-0.694080
-0.169838
-0.000536
0.021198
0.064411
0.093836
-0.338382
-0.226875
0.052897
-0.370672
-0.536202
0.530378
-0.077030
-0.001136
-0.904213
0.102931
-1.215741
-0.201123
-0.169478
-0.000373
-0.100080
-0.482718
-0.577902
-0.145292
0.118413
-0.001607
-0.062274
-0.000393
-0.449764
0.644796
0.323968
-0.487801
-0.204298
0.005266
0.081229
-0.285890
0.156247
-0.183544
-0.092960
-0.000317
-0.250374
-0.230800
0.225554
-0.407170
0.047510
0.342516
-0.327426
-0.558858
0.184335
-0.755739
-0.011817
-0.000240
-0.000276
0.276205
-0.187535
-0.062608
0.319050
-0.014775
-0.412738
