-0.364342 0.000419 0.270923 -0.688960 -0.025980 -0.744933 0.339511 -0.000170 -0.430123 -1.113999 -0.656253 -0.513026 -0.355843 -0.116362 -0.566065 0.797726 -0.207993 -0.647021 0.000259 -0.216774 -2.237975 0.387579 -0.408678 -0.872131 -0.000650 -0.629990 -0.570694 0.258577 0.440578 -0.659932 0.000035 0.095517 -0.000957 0.716356 -0.475641 0.128882 0.159653 -1.319404 -0.362673 -1.010736 -0.634367 -0.334381 0.066627 0.339189 0.000187 -0.036322 -0.175824 -0.648091 -0.233754 0.004119 0.368449 -0.649659 -1.140951 -0.695216 -0.997817 0.003970 -0.000025 0.000270 -0.754205 -1.176633 -0.371348 0.156518 -0.000209 -1.526630
-0.433183 -0.000085 -2.230845 0.490222 -0.066331 0.135633 -0.368699 -0.000894 0.059606 -1.286349 0.737499 0.201569 -0.354154 -0.237547 -1.155816 -0.023949 -0.275003 -0.239928 -0.000496 0.507800 -0.866619 -0.347825 -0.704214 0.581693 -0.000619 0.432068 -0.379386 -0.793169 -0.660016 0.195012 0.001403 -0.523480 -0.000436 -0.926406 0.042666 0.149481 -0.783586 -1.020231 0.015380 -0.573506 -0.666667 0.057596 -0.068738 -0.943466 0.000103 -0.064264 -0.403453 -1.278049 0.714242 0.920639 -0.095567 -0.617747 0.023690 -0.084316 -0.278738 -0.002602 -0.000404 -0.000763 -0.931906 0.290603 -0.304956 -0.844061 -0.002105 0.034936
0.316236 -0.000083 -0.781315 -1.038887 -0.029893 -0.146204 -1.135312 -0.000073 0.289076 -0.759070 -0.967172 -0.106007 -0.709089 -0.422626 -1.055360 0.361589 0.259371 0.586954 -0.000636 -0.248488 -0.505180 0.075832 0.165260 -1.042456 0.000070 0.631648 -0.100847 -0.373792 -0.288374 0.751555 0.000432 0.441630 -0.000668 -0.167513 -0.109883 0.709333 -0.612057 0.086402 0.102657 -0.988711 -0.857903 -0.284934 0.060441 0.344505 -0.000396 -1.003822 -0.979563 -0.658473 0.406412 -1.198588 0.003747 -0.640612 -0.608766 -1.018820 0.273954 -0.001156 -0.000129 -0.000029 -0.366412 -1.303356 -0.146049 0.117750 -0.002461 0.393381
0.490746 -0.000055 -0.843582 -1.013844 -0.000619 0.562292 -0.545660 0.000095 -0.582248 -0.420244 -0.064499 0.598745 -0.820086 -0.479824 -0.402629 -0.712849 -0.065356 0.261294 -0.000008 -1.054951 -1.098652 0.051476 -0.966476 0.329954 -0.000560 -0.408964 0.892022 -0.191609 0.386554 -0.786379 -0.004063 -0.490689 0.000202 -0.691982 -0.825254 -0.477445 -0.634793 0.361687 -0.427540 -1.079478 0.527536 0.357738 -0.817731 0.178071 -0.000634 0.445652 0.005719 -0.380411 -0.918699 -0.773053 0.305877 0.551531 -1.136646 -0.695604 0.378284 0.000522 0.000081 -0.000091 -0.708551 -0.767848 0.060516 -0.464173 -0.002752 0.377949
-0.738053 -0.000010 -0.521025 -0.844247 -0.045792 0.403501 -0.089505 -0.000080 -0.284891 0.440464 0.696822 0.738126 0.235862 -1.435623 -1.170909 -0.290632 -1.049074 -1.424260 -0.000841 0.282346 0.325745 -0.814680 0.339059 -0.111090 -0.000260 -0.351897 -0.599529 -0.482621 -0.786777 0.024012 0.000427 0.415049 0.000411 -0.467638 0.784069 -1.813702 -0.010532 -0.664765 0.096135 -0.858125 -0.468676 0.858457 -0.211461 -1.114331 0.000120 -0.775567 -0.950666 -0.383359 -0.348621 -0.277141 -1.268955 -0.732007 0.416527 0.188204 -0.847005 -0.005532 0.000082 -0.000296 -0.749046 -0.206345 -0.527956 0.698378 -0.009301 -0.836611
-0.685811 0.000170 0.473924 0.677111 -0.036201 -0.821326 -0.099359 -0.000862 -0.498630 0.013704 -0.279729 -0.879370 -0.525088 0.648671 0.618023 -0.379479 -0.060620 -0.537317 -0.000185 -0.517223 -0.386181 0.078363 0.353447 0.220209 0.000332 -0.701616 -0.515672 -0.259071 -0.151471 -0.354060 -0.000497 -1.123708 -0.000065 0.296784 -0.318820 -0.282342 -0.565524 0.195718 0.256205 0.441618 -0.160455 -0.517101 -0.488137 -0.469256 -0.000567 0.080537 0.463653 0.199168 -0.951508 0.326773 0.405280 0.267652 -0.836065 -0.783274 -0.084258 -0.002855 0.000064 0.000054 1.067046 0.757814 -0.093652 -0.326739 0.008247 -0.279754
-0.300794 0.000189 -0.632670 0.384326 0.069764 -0.467706 0.185237 0.000472 -0.083783 -1.158487 -0.441995 0.198559 -0.844111 0.275680 0.272122 -0.189909 0.828055 -1.283621 -0.001022 -0.507800 -0.841939 -0.027771 -0.704309 -1.683437 0.000275 -0.166927 -0.159790 -0.523067 0.288401 -0.067945 -0.001907 -0.351961 -0.000003 -0.136690 0.648680 -0.630774 0.706080 -1.591493 -0.850935 0.544691 -1.124140 0.397110 -0.226401 -0.652727 -0.000147 -0.304700 -0.865516 -0.299430 -0.424610 0.329924 -0.878441 -0.704617 -0.808549 -0.744811 -1.078394 -0.001373 0.000270 0.000459 -0.962592 -0.177236 0.019983 0.332045 -0.001885 -1.205583
-0.753422 0.000690 0.701605 -0.154271 0.077682 -0.205114 0.332387 0.000255 -0.154601 -0.166254 -0.229392 -0.191228 0.218269 -1.065683 -0.431685 0.274296 -0.943825 0.482273 0.000175 0.407003 -0.000420 -0.864960 -0.418003 -0.542912 -0.000823 0.422574 0.223604 -0.102322 0.163937 -0.211877 -0.000296 -0.139751 0.000016 -0.505710 -0.187858 0.430776 -0.914073 -0.596211 -0.592519 -0.574234 -0.242945 -0.404036 -0.421042 0.633753 -0.000034 -0.538069 0.274772 0.915628 -0.615070 -1.503386 -0.714437 -1.099312 0.435056 0.616595 0.411950 -0.003912 0.000348 -0.000872 0.056800 0.087324 -0.891957 -1.093618 -0.003342 0.150759
0.118917 0.000294 -0.633052 0.103188 -0.077949 0.223123 -0.384080 -0.000217 0.686867 -0.060374 -0.372970 -0.023195 -1.024745 -1.044236 -0.242462 -0.575851 -0.086227 -0.616733 -0.000193 -1.005528 -1.245130 -0.415990 -0.516990 -1.124051 0.000073 -1.223221 -0.716124 0.190357 -0.585512 -0.516948 -0.002111 -0.482179 -0.000052 -0.002688 0.021018 -1.438956 -0.329473 -0.652899 -1.062989 -0.091449 -1.058010 -0.163892 0.700863 -0.541392 0.000170 0.504764 0.119793 -1.087243 -0.640445 -0.509253 -0.988890 0.052725 -0.478171 -0.568096 -0.483430 0.000324 -0.000097 -0.000530 -0.269200 -0.252884 0.773994 -0.948043 -0.008470 -0.480293
0.435110 0.000179 -0.702126 -0.238767 -0.066828 -0.583317 -0.207779 0.000005 -0.948978 0.489681 -0.873284 -1.049907 0.467677 -0.311434 -0.496122 -0.345176 -0.464164 -1.024647 -0.000172 -0.776507 0.775242 -0.383216 -0.021624 0.250714 -0.000270 -1.248713 -1.046006 0.462831 -1.001449 -0.450582 -0.003202 0.111773 -0.000320 -0.361251 -1.310451 -0.959270 -0.461854 0.292484 0.411880 0.119252 0.531985 -1.024645 -0.661689 -0.105406 0.000427 -0.191524 0.036022 -0.458852 0.246407 -0.353620 -0.598559 -0.192070 0.250471 0.377696 -0.821410 -0.001360 -0.000557 0.000211 -0.316215 -0.474772 -0.161759 -0.497974 -0.000681 -1.112467
