-0.563234
-0.000573
-0.106879
-0.280928
-0.018739
-0.119374
-0.011841
-0.000117
-0.000335
-0.000337
-0.000205
-0.265198
-0.051608
-0.132390
-0.000222
-0.183601
-0.000094
-0.001017
-0.000392
-0.000340
-0.000199
-0.183063
-0.081414
-0.133927
-0.031628
-0.004538
-0.000248
-0.011324
-0.000522
-0.010910
-0.390761
-0.251605
-0.000245
-0.059790
-0.040250
0.136644
-0.339590
-0.133288
-0.045955
-0.481606
-0.392930
-0.166635
-0.000131
-0.000748
-0.120772
-0.118750
-0.000483
-0.347915
-0.011804
-0.496606
-0.000988
-0.000166
-0.269331
-0.000245
-0.000143
-0.000997
-0.130253
-0.000233
-0.199797
0.072680
-0.001178
-0.000438
-0.241497
-0.213481
-0.211667
-0.000166
-0.226192
-0.654269
-0.000128
-0.010420
-0.000531
-0.429509
-0.000139
-0.214227
-0.288090
-0.095217
-0.471153
-0.145123
-0.000274
-0.001834
-0.213923
-0.009941
-0.000657
-0.002221
0.241023
-0.000633
-0.361691
-0.574529
-0.000751
-0.597788
0.155420
-0.408543
-0.000108
-0.000073
-0.664593
-0.051245
-0.013652
-0.396511
-0.602412
-0.002256
0.122319
-0.000594
-0.083543
-0.000786
-0.696455
-0.085494
-0.012984
-0.000081
-0.146259
-0.354670
-0.070019
-0.277907
-0.123956
-0.000278
-0.000494
-0.001144
-0.000077
-0.000221
-0.353336
-0.011331
-0.013981
-0.038460
-0.394097
-0.006073
-0.233380
-0.000073
-0.014705
-0.052293
-0.143203
-0.029439
-0.387775
-0.369126
-0.000205
-0.000086
-0.017913
0.050117
-0.000204
-0.211180
-0.141829
-0.000198
-0.093506
-0.007817
-0.000428
-0.005895
-0.007435
-0.106688
-0.157115
0.088131
-0.000152
-0.513643
-0.007958
-0.164086
-0.000583
-0.000195
-0.000653
-0.014447
-0.000157
-0.000837
-0.004398
-0.000132
-0.198274
-0.101729
-0.193530
-0.035982
-0.794058
-0.303357
-0.033006
-0.000154
-0.000170
0.242922
-0.215480
-0.063183
-0.000691
-0.144921
-0.174207
0.020394
-0.000968
-0.374586
1.869217
-0.011162
-0.255683
-0.000148
-0.000238
-0.502414
-0.002253
-0.059264
-0.000390
-0.070675
-0.000645
-0.000105
0.012472
-0.001169
-0.013839
-0.000264
-0.689302
-0.109700
-0.239839
-0.000165
-0.267069
-0.000223
-0.001193
-0.000545
-0.101620
0.016115
-0.324885
-0.296044
-0.000201
-0.363094
-0.000076
-0.000144
-0.155747
-0.000146
-0.114405
-0.000188
-0.239105
-0.074715
-0.000382
-0.163615
-0.216905
-0.002013
-0.000202
0.051581
-0.000443
-0.000203
-0.176431
-0.356160
-0.001667
-0.000859
-0.000203
-0.334999
0.008213
-0.015184
-0.006562
0.122352
-0.001292
-0.001196
-0.000994
-1.095628
-0.000222
-0.107414
-0.170170
-1.204658
-0.000199
-0.008622
0.093243
-0.009507
-0.434534
-0.092046
-0.137733
-0.172433
-0.001785
-0.330862
-0.206816
0.041789
-0.000164
-0.001618
