-0.348419
-0.399276
-0.002385
-0.291611
-0.003405
-0.105564
-0.383560
-0.002078
-0.491497
-0.331902
-0.244964
-0.005383
-0.167341
-0.388443
-0.014512
-0.437750
-0.174040
-0.413197
-0.005404
-0.006278
-0.485544
-0.511743
-0.073261
-0.007685
-0.289554
-0.005203
-0.002994
-0.000429
-0.009950
-0.200373
-0.346710
-0.464493
1.546813
-0.271182
-0.259171
-0.346984
-0.003792
-0.010098
-0.567979
-0.388125
-0.003108
-0.261816
-0.373690
-0.006569
-0.004609
-0.138631
-0.024939
-0.002996
-0.048354
-0.289446
-0.001041
-0.421998
-0.001240
-0.008673
-0.004465
-0.572545
-0.551208
0.408086
-0.020368
-0.322720
0.347432
-0.344325
-0.008519
-0.525041
-0.016142
-0.003733
-0.003694
-0.605446
-0.006746
-0.014145
-0.542068
-0.480398
-0.558330
-0.023101
-0.008553
-0.378273
-0.477990
-0.005127
-0.754493
-0.099093
-0.016999
-0.025207
-0.002429
-0.004675
-0.005311
-0.247135
-0.389761
-0.274814
-0.007958
-0.286402
-0.168259
-0.009899
-0.258009
-0.499784
-0.008235
-0.232707
-0.273584
0.230823
-0.623138
-0.013739
-0.393017
-0.203579
-0.001849
-0.002815
-0.161241
0.599934
-0.014825
-0.304028
-0.055191
-0.632043
-0.521658
-0.529189
-0.015511
-0.230881
-0.446524
-0.007228
-0.001937
-0.614633
-0.356999
-0.431974
-0.002547
-0.040253
-0.008341
-0.493654
-0.003505
-0.000727
-0.126338
-0.435882
