-0.005791 0.009580 -0.000358 -0.000853 -0.000846 -0.000168 -0.006249 -0.000117 -0.003656 -0.005832 -0.066294 -0.001033 -0.008125 -0.000144 -0.000604 -0.000372 -0.005223 -0.000647 -0.000418 -0.000698 -0.000039 -0.006129 -0.016693 -0.000034 -0.080634 -0.000218 0.000085 0.000094 -0.000191 -0.082009 -0.001088 0.000139 -0.016651 -0.000957 0.004077 -0.000755 -0.001259 0.000027 -0.006483 -0.005371 0.000132 -0.002995 -0.000479 0.000059 0.000112 -0.000992 0.000065 -0.000159 -0.000044 -0.003920 0.000131 -0.005779 -0.000150 0.000021 0.000990 -0.004910 -0.000750 -0.094185 -0.000078 -0.004162 -0.014208 -0.000145 -0.001520 -0.000496 -0.000604 0.000492 -0.000742 -0.000844 -0.000030 -0.000875 0.001170 0.000070 -0.000412 -0.010838 -0.000034 0.000075 -0.000417 -0.000371 -0.004895 -0.001552 -0.001042 -0.002681 -0.001044 -0.000352 -0.000015 -0.000622 0.000132 -0.005455 -0.000269 -0.003658 -0.000707 -0.000659 0.005305 0.002850 0.000059 -0.000573 -0.000022 -0.074542 -0.000670 -0.000459 -0.004967 -0.006127 -0.000176 -0.000238 -0.000268 -0.004091 -0.000873 -0.012662 0.013438 -0.009736 -0.000904 -0.000230 -0.000598 -0.020576 -0.006230 -0.000058 -0.000058 0.000047 -0.000383 0.003108 -0.001276 0.014345 -0.014601 0.000133 -0.000283 -0.000127 0.001093 -0.000149
-0.000493 0.078636 -0.000040 0.310279 -0.000259 -0.000368 0.305438 -0.000160 -0.024338 0.051981 -0.012571 -0.000812 -0.235161 -0.433816 -0.001133 -0.000701 -0.000016 0.314060 -0.000191 -0.000138 0.135267 0.000083 0.103479 0.000004 -0.346718 -0.000989 -0.000138 0.000007 -0.000253 0.162321 0.170068 0.100756 0.346027 -0.000911 -0.137661 -0.087762 -0.000173 0.001230 -0.013970 -0.039989 0.000469 -0.116600 -0.000041 -0.000211 0.000195 -0.000841 0.000065 -0.000291 -0.000714 0.148531 -0.000077 0.087018 -0.000333 0.000621 -0.000768 -0.276754 0.028260 -0.050438 -0.000039 0.089702 -0.218725 0.004540 -0.000303 -0.002571 -0.001228 -0.000151 -0.000429 -0.027975 0.000103 -0.000401 0.002355 -0.022240 0.043386 -0.001674 0.000015 0.248508 0.512044 0.000009 -0.259191 -0.000473 -0.000687 0.000204 -0.000373 -0.000007 0.001159 -0.003093 -0.065312 -0.046553 -0.000150 0.319073 -0.000535 -0.000533 -0.000324 -0.226659 -0.000324 -0.004032 0.469179 -0.038603 -0.189560 -0.000369 0.126117 -0.008983 -0.000045 -0.000503 -0.000382 -0.041661 -0.000059 0.141793 -0.000003 0.075100 -0.050481 0.142296 -0.000098 -0.078089 0.262349 -0.000433 -0.000296 -0.045653 0.185060 0.186757 -0.000083 -0.001398 0.017554 -0.199482 -0.000180 -0.000090 0.000023 0.246484
0.000114 -0.001923 -0.000269 -0.000092 -0.000869 -0.000032 0.000142 -0.000009 0.000018 0.000078 -0.000425 -0.000564 -0.000900 -0.000607 -0.000131 -0.000288 -0.000281 -0.000295 -0.000594 -0.001131 -0.000179 -0.000021 -0.000576 -0.000338 -0.000417 0.000070 -0.000080 0.000204 -0.000630 -0.001035 -0.000617 -0.000156 -0.000781 -0.000446 -0.000488 -0.000485 -0.001435 0.000012 -0.000121 -0.000088 -0.000304 -0.002313 -0.000992 0.000057 0.000022 -0.000820 0.000040 -0.000596 0.000000 -0.000621 -0.000082 -0.000055 -0.000369 0.000498 -0.000136 -0.000438 -0.000753 -0.005712 0.000060 -0.004270 -0.000598 -0.000027 -0.001389 -0.001063 -0.000523 -0.000621 -0.000681 -0.000582 -0.001182 -0.000809 -0.000453 -0.000116 -0.000724 0.000262 -0.000310 -0.000073 -0.000337 -0.000217 -0.000738 -0.001038 0.000046 0.000046 -0.000210 0.000168 -0.000613 -0.000342 0.000052 -0.000358 -0.000555 -0.000532 -0.000205 0.000078 -0.001395 -0.000110 -0.002489 -0.005809 0.000050 -0.001222 -0.000022 -0.000824 -0.000383 -0.000002 -0.000041 -0.000888 -0.000575 -0.001219 -0.000361 -0.000538 -0.000367 0.000054 -0.000371 -0.000301 -0.000977 -0.006210 -0.000214 -0.000083 -0.000287 -0.000947 -0.000287 -0.000157 -0.000684 -0.000270 -0.001226 0.000046 -0.000801 -0.000098 -0.000042 -0.000233
0.160504 0.030585 -0.001283 0.008670 0.000746 -0.000163 -0.000209 0.000521 0.160186 0.023938 -0.001388 -0.000556 -0.028995 -0.215185 -0.001299 -0.001758 0.008519 -0.214270 -0.001474 0.000062 0.258795 -0.049614 -0.165461 -0.000679 0.206140 -0.001910 0.000121 0.000045 -0.000276 0.113721 0.101949 -0.025003 -0.164473 -0.028283 -0.029938 0.067289 -0.000014 0.000161 -0.006416 -0.047305 -0.001300 0.043646 0.000137 -0.000693 -0.000101 0.082273 -0.002134 0.000138 -0.000003 -0.043200 -0.000014 0.277761 -0.000621 -0.000010 0.000425 0.096973 -0.285473 -0.116463 -0.000635 0.127540 -0.286319 0.005219 0.000056 -0.092299 0.000323 -0.000009 -0.001565 0.014940 0.000521 -0.000279 -0.069912 0.089032 0.110872 -0.001751 -0.001418 -0.051588 -0.163437 -0.001759 -0.030993 0.037906 -0.000098 0.002123 -0.000365 -0.000025 -0.000657 0.238270 -0.002443 -0.000237 -0.002281 0.175670 0.026760 -0.001891 0.000103 0.091739 -0.001200 -0.054776 0.110179 -0.201338 0.104139 0.000110 0.168589 0.090367 -0.000202 -0.000204 0.004156 -0.004231 0.000805 -0.030792 -0.000345 -0.102919 0.005347 -0.051098 -0.001680 -0.171980 0.093733 0.001935 -0.000159 0.038761 0.051478 -0.068977 -0.000189 -0.000357 -0.220488 0.068197 0.000302 0.000065 -0.094062 0.229423
-0.002133 -0.003678 0.001102 -0.023314 -0.001535 0.000548 -0.000615 -0.000438 -0.001060 -0.001086 -0.001114 -0.001280 -0.002982 -0.004537 -0.000700 -0.000682 0.000586 -0.000958 0.000011 -0.000186 -0.000600 0.000853 -0.001813 -0.002407 -0.002393 -0.000116 0.000125 0.000093 0.000522 -0.002240 -0.000154 -0.000043 -0.003870 -0.001921 0.000228 -0.001200 -0.001574 0.000113 -0.000996 -0.000809 0.000138 -0.000710 0.000050 -0.000243 -0.000307 -0.026004 -0.001657 -0.000677 -0.000188 -0.001526 0.000150 0.000633 0.000325 0.000591 -0.001496 -0.003130 -0.032522 -0.026009 -0.001026 -0.000282 -0.000963 -0.001327 -0.001235 -0.000457 -0.002982 0.000511 -0.000785 -0.001049 0.001640 0.000305 -0.000164 -0.026130 -0.001903 -0.000902 0.000346 0.000027 0.000396 0.001107 -0.001981 -0.000998 0.000339 -0.000002 -0.000216 -0.001301 0.000172 -0.002250 -0.000173 0.001173 -0.000047 -0.000318 0.000116 0.000403 0.000354 0.000506 -0.001367 -0.002479 0.000056 -0.000498 0.000662 -0.000289 -0.001342 -0.026977 0.001589 -0.000026 -0.001695 -0.001735 -0.000501 -0.002343 0.000519 -0.000655 -0.002466 0.002204 -0.000792 -0.000956 -0.000591 0.000669 0.000204 -0.000854 -0.000159 -0.023601 0.000789 0.000509 -0.008771 -0.002974 -0.000922 -0.001234 0.000796 0.001556
0.123610 0.273168 -0.000825 0.041292 -0.001352 0.009259 0.031699 -0.000001 -0.006475 0.254735 -0.005790 0.000609 -0.266151 0.179741 -0.002639 0.139407 0.007153 -0.033578 -0.000467 -0.000220 -0.273173 -0.069982 -0.175585 0.000056 -0.140389 -0.000801 0.000165 0.000031 -0.001623 -0.042087 0.080099 0.160123 -0.311619 0.002027 0.001247 -0.031207 -0.001028 0.000146 -0.221475 0.281351 -0.000678 -0.109358 0.217480 -0.000333 0.000655 0.088241 0.001195 -0.002619 0.015562 -0.031108 -0.000049 0.045178 -0.001058 -0.001620 -0.000193 0.222306 0.125684 -0.247450 0.013088 0.386970 -0.133328 0.019656 -0.001929 0.047338 0.000430 -0.001507 0.001490 -0.293515 -0.000192 -0.000953 0.140928 0.355717 0.240681 -0.003313 0.000740 -0.154692 0.124557 -0.001863 -0.369424 0.006931 -0.000131 0.000514 0.000790 0.000452 0.000733 -0.006523 0.297252 -0.076530 -0.001233 0.188586 0.023614 0.000779 0.018342 -0.151735 -0.002461 0.004687 -0.028519 -0.211679 -0.027341 -0.000130 -0.439328 0.015127 -0.000286 -0.000336 -0.015064 -0.407644 -0.000576 -0.054977 -0.008233 0.001128 0.339449 -0.086024 0.001099 0.091568 -0.073024 -0.001008 0.000297 -0.032252 0.189169 -0.096360 -0.000599 0.000025 -0.325567 0.300238 -0.000386 -0.000003 0.030794 0.022648
0.051480 0.048410 -0.000292 0.210561 0.000173 0.000489 0.338393 -0.000297 0.130553 -0.123065 0.160508 -0.000407 -0.022045 -0.033921 -0.000983 -0.000752 -0.000252 0.347113 -0.000896 -0.000302 0.253137 -0.019423 0.159575 -0.000879 -0.230922 -0.000496 -0.000048 -0.000079 -0.000104 0.110103 0.013958 0.167733 -0.155337 0.072074 0.135533 0.321373 -0.000761 0.000027 -0.069293 0.233020 0.000150 0.250564 -0.001740 -0.000047 0.000821 -0.010555 -0.002469 -0.000096 -0.003082 0.116995 0.000027 -0.042977 -0.000307 -0.000186 -0.000423 -0.025714 -0.121235 -0.167670 -0.003895 0.015390 -0.319993 0.155257 -0.000794 0.315072 -0.004645 0.000060 -0.001393 0.156861 0.000714 -0.000631 0.134472 0.223641 -0.109031 -0.004471 0.000052 -0.310612 0.339491 -0.000234 -0.042480 -0.014927 -0.000085 -0.001403 -0.000017 -0.000092 0.000068 -0.002220 0.107866 -0.001418 0.000044 0.109265 -0.000061 -0.000323 -0.000384 -0.059040 -0.001063 0.051219 0.285887 0.399608 -0.012939 -0.005083 0.068681 0.065894 -0.000312 -0.000264 0.000034 -0.145742 -0.000635 0.382997 -0.004795 0.455829 0.027462 -0.278277 -0.000072 0.106879 0.269078 -0.001327 -0.000083 -0.055262 0.066607 0.088633 -0.000197 -0.000045 -0.199816 -0.057418 -0.000090 -0.000401 -0.013479 0.420476
-0.001137 -0.003857 -0.000050 0.000821 0.000249 -0.000300 -0.000126 0.000054 0.000002 0.000011 -0.003904 -0.001164 -0.005952 -0.001872 -0.001890 0.000260 -0.000106 -0.001351 -0.000513 0.000021 -0.002168 -0.004395 -0.002341 -0.003109 -0.003679 -0.000064 0.000140 -0.000064 0.002256 -0.003800 -0.002751 -0.000977 -0.001736 0.000059 -0.001129 0.001349 0.001780 -0.000146 -0.000022 0.000213 -0.000160 -0.004307 -0.000972 0.001264 -0.000265 -0.001267 -0.001571 -0.001151 -0.000068 -0.005276 -0.000053 0.000044 -0.000233 0.000011 -0.000320 -0.002286 -0.004179 -0.002605 0.001293 -0.004132 -0.001799 -0.001332 0.006305 0.000898 0.002075 -0.001826 -0.002160 -0.000328 0.000216 -0.001888 -0.001673 -0.001460 -0.003700 -0.000396 0.000567 -0.003520 -0.000779 -0.000168 -0.000932 -0.001326 0.001086 -0.004177 0.001806 -0.000201 -0.000324 -0.000234 -0.000489 -0.000609 -0.001421 0.000019 -0.000346 0.001117 -0.001582 -0.002592 -0.000249 -0.005041 -0.000235 -0.002214 -0.000358 -0.000215 -0.000988 0.001275 -0.000239 -0.000204 -0.003008 -0.003438 -0.000268 -0.003460 -0.001291 0.000356 -0.002331 -0.000305 0.000421 -0.002362 -0.001783 -0.000315 0.000010 0.000008 -0.069430 -0.000286 -0.000163 -0.000294 -0.005293 0.002792 -0.000137 0.000022 0.000046 -0.002342
0.001069 0.045997 -0.001352 -0.045808 -0.000458 0.004164 -0.060400 -0.000756 0.013122 -0.033385 0.008369 -0.001483 -0.034500 -0.079800 -0.001718 -0.101909 0.002571 0.006727 0.000167 -0.000662 -0.076874 -0.005475 -0.019584 0.000630 -0.079835 -0.000973 0.001378 0.000043 -0.002336 -0.088462 -0.003288 -0.023682 -0.060675 -0.024327 -0.042843 0.000969 -0.000173 0.001189 -0.076043 0.030111 0.000345 -0.014955 -0.016857 -0.000159 -0.000247 -0.024632 -0.000683 -0.000866 -0.000642 0.058980 0.000113 0.026782 -0.000555 -0.001424 -0.001008 -0.044298 -0.042609 -0.039256 -0.001519 -0.000389 -0.091419 -0.008978 -0.000094 -0.057339 0.000206 -0.002908 -0.000705 -0.003983 -0.001487 -0.000378 0.068622 -0.042152 -0.041944 -0.001517 -0.000702 -0.005779 0.016789 -0.001328 -0.101679 -0.005678 0.000234 -0.002239 -0.000219 0.000177 -0.000546 -0.002562 -0.000965 -0.007008 -0.001210 -0.017380 -0.013577 -0.000937 -0.042399 0.024834 -0.000924 0.035066 -0.000005 -0.075590 -0.100976 -0.000582 -0.000197 -0.052970 -0.000645 -0.001067 -0.003900 -0.044396 0.002081 -0.050927 -0.003732 -0.000287 0.080992 -0.037460 -0.000979 -0.088198 -0.014086 -0.000424 -0.000304 -0.003143 -0.000413 -0.054645 -0.000216 0.009606 -0.101633 -0.030983 0.000205 -0.000308 0.012642 0.003013
-0.000370 -0.000794 -0.000571 -0.000055 -0.000676 -0.000174 -0.000622 -0.000146 0.000189 -0.000719 -0.001630 0.000002 -0.000077 -0.000641 -0.000037 -0.000263 -0.000145 0.000371 -0.001155 -0.001276 -0.000198 0.000272 -0.000980 0.000049 -0.001314 -0.000984 -0.000009 -0.000064 -0.000521 -0.001962 -0.001296 -0.000036 -0.001986 -0.000745 0.000143 -0.000094 -0.000291 -0.000182 -0.000212 0.000022 -0.000001 -0.000830 -0.000710 -0.000125 -0.000175 -0.000146 -0.000091 -0.000091 0.000005 -0.002091 -0.000119 -0.000227 0.000439 0.000024 -0.000883 -0.000557 -0.001560 -0.005629 -0.000088 -0.004461 -0.001513 0.000032 0.000158 0.000204 -0.000473 -0.001055 -0.001222 -0.000603 -0.000060 -0.000833 -0.000928 -0.000227 -0.000653 -0.000176 -0.000881 0.000124 -0.000742 0.000162 -0.001464 -0.000198 -0.000059 0.000328 -0.000141 -0.000712 -0.000107 -0.000260 0.000008 -0.000159 -0.000107 0.000165 0.000568 -0.000261 -0.000277 -0.000179 -0.000300 -0.005764 -0.000861 -0.001581 0.000726 -0.000441 -0.000481 -0.000733 -0.000015 -0.000588 -0.000263 -0.001397 0.000022 -0.000380 -0.000302 0.000170 -0.000462 -0.000677 -0.000111 -0.005680 -0.000950 0.000043 -0.000825 -0.000048 -0.000310 -0.000219 -0.000684 -0.000118 -0.000422 0.000171 0.000069 -0.000193 0.000093 0.000028
-0.062074 -0.003529 -0.000593 0.159788 -0.000497 -0.000412 -0.042880 0.000654 0.000194 -0.030348 -0.002042 -0.000255 -0.045426 0.005584 -0.000922 0.048193 0.000112 0.014661 -0.000855 -0.000833 0.015756 -0.000933 -0.110677 -0.000920 -0.159507 -0.001681 -0.000358 -0.000425 -0.001521 -0.208631 -0.037284 -0.117556 -0.185269 0.102840 -0.001114 -0.059869 -0.000134 0.001417 -0.001580 -0.045011 0.000059 -0.003406 0.094508 0.000190 0.000382 -0.072694 -0.000967 -0.000466 -0.000065 -0.045709 -0.000307 -0.018410 -0.000903 0.000694 -0.000055 -0.092857 -0.000300 -0.113974 -0.000905 -0.000147 -0.152241 -0.042350 0.001058 0.000672 -0.003651 -0.000687 0.000580 0.000767 -0.000681 -0.000860 0.022918 0.052318 -0.109920 -0.001565 -0.001101 0.012077 -0.000551 -0.000924 -0.087639 0.001549 0.000095 0.000658 0.000313 0.001300 0.001052 0.021986 -0.006284 0.185210 -0.001474 0.017260 0.075339 -0.000726 -0.096862 0.136205 -0.000410 -0.002545 -0.070481 -0.201192 -0.191138 0.000356 -0.000636 -0.073604 -0.000045 0.000181 -0.012179 -0.213595 -0.000095 -0.167616 -0.001507 0.081076 -0.001141 -0.099439 0.000372 -0.091227 -0.001502 0.000444 0.000140 -0.001917 -0.053301 0.011833 -0.000031 -0.000125 -0.207227 -0.011860 -0.000033 0.000080 0.003948 0.093317
-0.025757 -0.116936 -0.000597 0.316760 -0.000834 0.016209 -0.012539 -0.000206 0.345575 0.344940 -0.112828 -0.000289 -0.093932 0.156332 -0.004290 0.047070 -0.003653 0.342594 -0.000495 -0.000034 0.044477 -0.087148 -0.015798 0.001260 -0.200995 -0.001443 0.000848 0.000057 -0.002481 -0.012998 0.139849 0.111186 0.032288 0.033921 0.015343 -0.029471 -0.005059 -0.000521 -0.135271 -0.050475 -0.000257 0.005169 0.030963 -0.001277 0.000318 0.024943 -0.002526 0.000021 0.014593 -0.156778 0.000127 0.327686 -0.000052 0.000905 -0.000232 -0.093550 0.207957 0.310685 -0.005745 0.243711 -0.006913 -0.006770 -0.000070 -0.261404 0.001451 -0.001518 -0.000493 -0.019123 0.000091 -0.000466 0.081639 0.336084 0.008312 0.000322 -0.001898 -0.188081 0.392974 0.000246 0.296586 0.060603 0.001133 0.020958 -0.000363 -0.000044 -0.001787 0.000589 0.256709 -0.008936 -0.000136 0.264062 0.063159 -0.002571 -0.092249 0.034962 -0.001529 0.036537 -0.193846 0.002731 0.050733 -0.004464 0.025520 0.082320 -0.000167 -0.000112 0.029280 0.432333 0.000419 0.179579 -0.001800 0.140857 0.034102 -0.039659 -0.000565 -0.295799 0.106168 -0.002016 -0.000163 0.051483 -0.004568 -0.066339 0.000615 0.001322 -0.008936 -0.043967 -0.000173 0.000298 0.033269 0.064904
0.057663 -0.075285 0.000135 0.223186 0.000205 0.006968 -0.118072 0.000095 0.277856 -0.061889 -0.051000 0.000187 -0.244987 0.104535 0.005777 0.052946 -0.007894 -0.089634 -0.000871 -0.000353 -0.021921 -0.081980 -0.010485 -0.000105 -0.189255 0.000376 0.000128 -0.000051 -0.000211 -0.172872 0.141002 0.131951 0.253399 0.053501 0.101772 0.046304 -0.002524 -0.003036 0.014419 -0.079685 0.000066 0.427437 -0.057466 0.000070 -0.000078 -0.010602 -0.000995 -0.000580 -0.004763 -0.251330 0.000192 -0.101710 0.000102 -0.001938 0.000035 0.029970 -0.300218 -0.168389 -0.000004 0.052974 -0.059202 0.376383 -0.000129 -0.160680 0.000629 -0.000170 -0.001579 0.020403 -0.000088 0.002203 0.082097 0.162127 0.065455 -0.001698 0.000053 -0.050774 0.409701 -0.000330 0.060054 -0.015288 0.000464 0.000932 -0.000404 -0.000102 -0.000038 0.080458 -0.058630 0.077190 -0.001188 0.099519 -0.012528 -0.000101 0.092788 -0.215263 -0.002859 -0.060604 0.105215 -0.077949 -0.144097 -0.000101 -0.007074 0.132061 -0.000143 -0.000751 -0.084999 0.078430 -0.000005 -0.072524 -0.004117 -0.022909 -0.061292 -0.098943 -0.000387 -0.185711 0.396950 -0.000208 -0.000207 0.058674 0.087570 -0.045822 -0.000600 0.006150 -0.114652 0.118779 -0.000140 -0.000002 -0.034514 0.048203
-0.002773 0.338456 -0.000407 -0.128891 -0.000258 0.000576 0.171271 -0.000118 0.148958 0.031519 0.112157 -0.000768 -0.164112 0.213511 0.000146 0.080373 0.009960 -0.088379 -0.001647 -0.000957 0.064478 0.075564 -0.009551 -0.000939 0.096039 -0.000133 -0.000269 -0.000196 0.003344 -0.044546 -0.037043 -0.010214 -0.119807 0.120083 -0.004959 -0.201461 -0.001133 0.001163 0.085885 -0.117620 -0.000248 -0.011067 0.091199 -0.000188 -0.000901 0.008312 -0.002187 -0.001345 0.015394 0.102867 0.000267 0.417730 -0.000061 0.002335 -0.000018 0.027235 0.010059 -0.076592 0.001098 0.032745 -0.278788 0.136076 -0.000777 -0.140688 -0.000410 -0.000471 -0.002387 0.241323 -0.000500 0.000140 0.157449 -0.045372 -0.071086 -0.003177 0.000735 0.081970 -0.196510 0.000202 -0.013315 -0.026845 -0.000076 -0.005282 -0.000634 -0.000212 -0.000349 0.120093 0.326290 0.055134 0.000172 -0.055528 0.018243 -0.004012 -0.000981 -0.047188 -0.000151 -0.034567 0.112258 -0.067750 0.078399 -0.001403 -0.075977 0.122408 0.000141 -0.000659 0.124108 -0.052317 0.000234 -0.202967 0.019216 0.203917 -0.011123 0.225352 -0.000438 -0.247499 0.063250 0.000037 -0.000343 -0.102266 0.006516 0.186918 -0.000174 0.006086 -0.046794 -0.012084 0.000166 -0.000110 -0.040254 0.046049
0.071627 -0.349304 0.000005 0.141323 -0.000389 -0.052739 0.022254 0.001120 -0.050648 0.307623 0.028898 -0.002121 0.036042 0.030794 -0.002642 0.345574 0.019606 0.218780 -0.000050 0.003273 -0.053808 0.049510 -0.344986 0.000726 -0.244386 0.000274 -0.000562 -0.000123 -0.001622 0.076201 0.213587 -0.188757 0.140873 -0.211361 -0.095490 -0.106655 -0.002255 -0.000683 0.013561 0.292419 -0.000581 0.247924 -0.066464 0.000424 -0.000502 -0.010817 0.000194 -0.000062 -0.014069 -0.111786 -0.000047 0.304507 0.000000 -0.000392 0.000113 0.385639 0.271239 -0.136165 -0.000318 0.100494 -0.372163 0.091341 -0.002656 0.130798 -0.003387 -0.002632 -0.001611 -0.254355 0.000112 -0.002090 0.095998 0.278920 -0.120906 0.002414 0.000061 0.325175 0.003539 0.000806 0.722400 -0.009736 -0.001071 0.032326 0.000206 0.002106 -0.000412 0.009973 0.089929 0.100981 -0.000792 -0.155956 -0.027961 -0.000369 -0.004341 0.024880 0.003069 -0.044349 -0.060356 -0.216521 -0.081632 -0.002049 0.277045 0.064786 -0.000234 -0.000336 0.078433 -0.135402 0.001859 -0.319725 -0.006203 0.230920 -0.134939 0.340838 0.002252 -0.347620 0.077575 0.001589 -0.000475 0.317650 0.090350 -0.082073 -0.000156 0.003491 -0.213742 -0.016213 -0.000185 -0.000205 -0.074168 0.160802
-0.000587 -0.007500 -0.000262 -0.004458 0.000064 0.000455 0.001376 -0.000116 -0.001779 -0.000445 -0.004483 -0.000393 -0.011935 0.002847 0.000209 -0.003182 0.003504 -0.001428 -0.002131 -0.000572 0.001717 0.004254 -0.007677 0.000096 -0.034749 0.000051 0.000069 -0.000164 0.000640 -0.037984 -0.027244 0.001683 -0.004249 -0.001594 0.001319 -0.002237 -0.002445 0.002629 0.001129 0.000261 0.000004 -0.000303 0.001267 0.000336 0.000044 -0.001961 0.002124 0.002973 0.002562 -0.001226 0.000030 0.001039 0.000375 0.000952 -0.000252 -0.002236 -0.002980 -0.006301 0.001257 0.001624 -0.005132 -0.002897 -0.000551 0.001191 0.001184 -0.000158 -0.000185 -0.000742 -0.000031 -0.002675 -0.000151 0.001227 -0.004381 0.000344 0.001026 0.001374 -0.000882 -0.000556 -0.009636 -0.000120 0.001842 -0.000971 -0.000326 0.000371 -0.000518 -0.000073 0.000576 0.000100 -0.002058 0.000821 -0.000101 -0.001354 -0.004518 -0.001850 0.001436 -0.002354 -0.000548 -0.003569 -0.000104 0.001252 -0.001251 -0.000085 -0.000026 -0.000134 -0.000012 -0.007945 -0.001001 -0.001180 0.000246 0.000003 -0.000145 -0.001439 -0.002242 -0.004149 -0.001505 -0.000253 0.000039 -0.000065 -0.000209 -0.001345 -0.000589 -0.002500 -0.004551 0.001966 -0.000069 -0.000262 -0.003975 0.001681
-0.000049 -0.000058 -0.000280 0.000003 -0.000299 -0.000041 -0.000192 0.000193 0.000011 -0.000519 -0.000296 -0.000252 -0.000510 0.000053 -0.000056 -0.000045 -0.000314 0.000081 -0.000142 0.000015 0.000024 -0.000046 -0.001454 -0.000029 -0.000310 -0.000056 -0.000049 -0.000123 -0.000256 -0.001277 -0.000295 -0.000098 -0.000079 0.000060 -0.000176 -0.000197 -0.000307 0.000115 0.000065 0.000044 0.000179 -0.000670 -0.000112 0.000059 -0.000124 0.000016 -0.000033 -0.000026 0.000048 -0.000236 0.000025 -0.000082 -0.000259 -0.000016 -0.000111 0.000033 -0.000133 -0.000115 0.000034 0.000053 -0.000232 0.000051 -0.000028 -0.000148 -0.000004 0.000130 -0.000429 -0.000203 -0.000173 -0.000271 -0.000155 0.000022 -0.000046 0.000055 -0.000105 0.000028 -0.000274 -0.000141 -0.001202 -0.000168 0.000018 0.000191 -0.000285 -0.000217 -0.000208 0.000034 -0.001100 -0.000050 -0.000102 -0.000008 0.000027 -0.000008 -0.000311 0.000066 -0.000091 -0.000084 -0.000192 -0.000223 -0.000176 -0.000776 -0.000245 -0.000416 -0.000006 -0.000114 -0.000238 -0.000312 0.000072 -0.001340 -0.000189 -0.000022 -0.000160 -0.000137 0.000100 -0.000105 -0.000257 0.000016 0.000124 0.000023 -0.000026 0.000109 -0.000054 -0.000253 -0.000241 -0.000155 0.000056 0.000022 0.000147 -0.000123
0.010210 0.023184 0.000529 -0.155509 -0.000013 0.056606 -0.000466 -0.000855 -0.202165 -0.072973 0.075120 -0.001115 -0.280887 -0.089425 0.001201 0.019361 0.016224 0.166010 -0.000848 -0.001503 0.026326 0.142447 0.018284 -0.000601 -0.429496 -0.000460 0.000320 -0.000340 -0.000968 -0.018817 0.052963 -0.223825 -0.200851 0.020073 0.027788 -0.017197 0.000617 -0.000775 0.262258 0.051827 -0.001190 0.073145 0.064371 -0.002325 0.001294 -0.014212 -0.005159 0.000440 0.010371 0.011541 0.000217 -0.051180 -0.000056 0.000818 0.000303 -0.038327 -0.095194 -0.088662 -0.004649 0.014490 -0.154097 -0.263172 0.002675 -0.110509 0.006424 -0.000594 -0.000599 -0.121345 0.000587 -0.000840 -0.093493 -0.039836 -0.036613 -0.006020 0.001101 0.189995 -0.011693 -0.000658 -0.310905 -0.011501 0.004709 0.007671 0.000157 -0.000099 0.002302 -0.117474 -0.042566 -0.096428 0.001493 0.186700 -0.001549 -0.000057 0.022445 -0.075309 -0.001422 -0.037410 0.414020 -0.218990 -0.097838 -0.000402 0.145902 0.027677 0.000492 -0.000662 -0.085326 -0.238419 -0.000969 -0.113205 0.008153 0.333696 0.017725 0.143381 -0.001109 -0.421325 0.098697 0.001478 -0.001182 -0.025867 -0.039666 -0.087747 0.000086 -0.002707 -0.015888 0.101644 -0.000140 0.000050 0.033185 -0.275638
0.049478 0.075675 0.000234 0.118427 -0.000195 0.022275 0.171502 -0.000121 0.132143 -0.058467 0.000744 0.000122 -0.308412 -0.111632 0.001608 0.276416 0.105290 -0.182195 0.002535 0.003173 0.444372 0.092160 -0.245960 -0.000144 0.601783 -0.000737 0.000015 0.000106 -0.002505 0.077959 0.068934 0.108431 -0.175026 0.161555 0.003653 0.089904 -0.002927 0.000056 -0.040163 -0.024872 -0.001506 -0.060276 0.002809 0.001546 -0.000848 -0.027089 -0.002821 -0.001177 0.012792 -0.048349 -0.000562 0.226159 -0.000417 -0.001603 0.000459 -0.197105 -0.049243 -0.228501 0.010201 -0.117134 -0.417274 0.105987 0.003104 -0.327109 -0.002025 0.000350 -0.004047 -0.031247 0.001123 -0.004271 0.065487 -0.181342 0.074442 0.006085 -0.000397 -0.127981 0.009341 0.000035 0.047729 -0.020566 -0.001875 -0.004220 0.000121 0.000730 -0.002194 0.016474 0.042007 -0.065835 0.000116 0.095049 0.009714 -0.002178 0.122584 -0.111139 0.002968 -0.017752 -0.115497 -0.145519 0.140684 -0.002643 -0.008171 -0.033317 0.000071 -0.000092 0.021325 0.066188 0.000989 -0.068613 0.013217 -0.092278 0.199688 0.159589 0.002821 0.043389 0.207335 0.000471 -0.000705 0.224707 0.189009 0.084751 0.000089 0.004946 -0.258139 -0.064039 -0.000058 -0.000330 0.013412 0.299178
-0.000072 -0.001976 -0.000172 -0.000151 -0.000197 -0.000036 0.000155 -0.000125 0.000082 0.000079 -0.002754 -0.000438 -0.003424 -0.000209 -0.000461 -0.000265 -0.000008 -0.000386 -0.000216 -0.000222 -0.000172 -0.001193 -0.001695 -0.000267 -0.001076 0.000201 -0.000236 0.000222 -0.000161 -0.003546 -0.000210 0.000302 -0.002312 -0.002125 0.000010 -0.000624 -0.001163 -0.000133 0.000015 0.000049 -0.000158 -0.001621 -0.001139 -0.000210 -0.000170 -0.002055 -0.003260 -0.000070 -0.000082 -0.000795 0.000018 -0.000272 -0.000286 0.000086 -0.000310 -0.000599 0.000041 -0.002111 -0.001257 -0.002198 -0.000468 -0.000025 -0.001078 0.000037 -0.000226 -0.000683 -0.000377 -0.000978 -0.000005 -0.000829 -0.000175 0.000097 -0.001031 0.000022 -0.000132 -0.000012 -0.000818 0.000022 -0.000674 -0.000281 0.000009 -0.000915 -0.000181 -0.000415 -0.000129 -0.000248 0.000030 0.000153 0.000083 -0.000104 0.000076 -0.001380 -0.000033 0.000152 -0.000353 -0.001610 -0.000131 -0.001577 -0.000378 -0.000392 -0.000790 -0.003741 -0.000159 0.000011 -0.000096 -0.001313 -0.000478 -0.007012 -0.000442 0.000025 -0.001386 0.000198 -0.000796 -0.001905 -0.000588 -0.000061 -0.000146 -0.001373 -0.000181 -0.000503 -0.000047 -0.000059 -0.007236 -0.000004 -0.000067 -0.000371 0.000076 0.000096
-0.090564 -0.017734 -0.000105 0.085484 0.000940 0.044601 0.189189 0.000595 -0.124179 -0.407281 0.094376 -0.000664 -0.053696 -0.158850 -0.005628 0.047043 -0.022548 -0.219833 -0.001795 0.001502 -0.114566 0.043930 0.442135 -0.001867 -0.151769 0.000269 -0.000343 -0.000235 -0.000500 -0.251630 0.078401 0.010907 -0.294650 0.105120 0.091126 0.044707 -0.000045 0.000318 -0.013867 0.124727 0.000536 0.109224 0.048251 -0.001625 0.000905 -0.028605 -0.004171 0.000578 0.007686 -0.072078 0.000073 0.164034 -0.000183 -0.001706 0.000032 0.171875 -0.356436 0.630903 -0.017481 0.100692 -0.178324 0.126814 0.000253 -0.061839 -0.000108 0.000365 0.000180 -0.271603 -0.001935 -0.001374 0.171344 0.063248 -0.053782 -0.002282 -0.001092 -0.066434 -0.262687 0.000089 -0.257990 0.031982 0.003381 0.008335 0.000058 -0.000194 0.000476 0.015819 -0.042188 -0.100034 0.001668 0.110100 -0.007138 -0.001565 0.018068 -0.079522 0.001999 -0.091901 0.189459 0.001778 0.411702 -0.001844 -0.107512 0.057886 0.000377 -0.000626 -0.003884 -0.157841 -0.000228 -0.382072 0.041953 -0.465576 0.147932 -0.080297 -0.001972 -0.190011 -0.469115 0.001440 0.000248 0.136923 0.063745 0.073363 0.002574 0.002353 0.139751 -0.127722 0.000116 0.000085 0.004148 0.267468
0.012718 0.004538 -0.000266 -0.073028 -0.000135 0.020035 0.012574 -0.000209 -0.007564 0.020269 -0.000973 -0.001042 -0.239689 -0.106011 -0.004106 0.021270 0.008452 -0.035397 -0.000173 -0.000598 0.027878 0.035935 -0.053913 0.000098 -0.211246 -0.000188 0.000196 -0.000033 -0.002101 -0.016081 0.033956 -0.010426 -0.100713 -0.028761 -0.012029 -0.049748 -0.000567 -0.000308 0.062745 0.005565 0.000015 -0.081618 0.016529 -0.000165 0.001206 -0.057384 -0.001771 -0.000457 0.036034 -0.042167 -0.000001 -0.061734 -0.000414 0.000591 -0.000249 -0.165796 -0.090772 -0.082464 -0.002359 -0.072315 -0.055572 -0.007571 0.004075 0.007185 0.001039 0.003040 -0.000939 0.010400 0.000143 -0.003321 0.048061 0.045310 -0.063074 -0.000718 0.001506 0.018490 0.022727 -0.001080 -0.076288 0.016837 0.001408 0.000634 -0.001077 -0.000963 -0.001311 -0.016708 -0.003718 -0.020027 -0.000300 0.066932 0.059875 -0.000053 0.004499 -0.114633 -0.002196 0.015653 -0.000486 -0.141981 0.075228 -0.001464 -0.039269 -0.005828 -0.000284 -0.000458 0.016732 -0.193119 -0.000785 -0.189150 0.019452 0.036042 0.011749 -0.138082 0.000823 -0.078816 0.001722 0.000074 -0.000829 0.131179 -0.002890 -0.056602 -0.000114 -0.007298 -0.127078 0.001528 -0.000325 -0.000365 -0.017221 -0.005900
0.019564 0.293151 -0.001411 0.100668 0.000542 -0.005984 -0.154232 0.001851 0.212894 0.105744 -0.017739 0.001102 -0.070904 -0.272973 0.005596 -0.154186 -0.009454 -0.254584 -0.002035 -0.002952 -0.064958 0.119831 -0.117713 -0.002656 -0.183821 0.002322 -0.000795 0.000090 0.000700 -0.158573 -0.128562 -0.476282 -0.219354 0.050075 0.061924 0.060304 -0.003666 0.001193 -0.132827 0.168767 -0.000944 -0.090314 -0.104252 0.000966 0.001200 -0.013820 -0.001214 -0.001193 0.011755 -0.239164 0.000671 -0.336097 -0.000174 -0.000547 -0.000672 -0.265915 -0.192770 -0.461739 -0.001634 0.220451 -0.364572 0.009890 -0.001782 -0.038810 -0.000818 0.001551 -0.001644 0.256803 0.000254 -0.006322 -0.136445 -0.034877 -0.230105 -0.004251 -0.000409 -0.039564 -0.114403 0.000016 0.125491 0.004854 0.000755 -0.000313 -0.000530 0.000045 0.000803 0.074447 -0.141326 -0.009327 -0.001860 0.147997 -0.015280 -0.001640 -0.091583 0.059403 -0.002358 -0.031845 0.194208 -0.278934 -0.017736 -0.000011 0.261411 0.127750 -0.000467 -0.000302 -0.030185 -0.287482 -0.002034 -0.176035 0.000806 -0.230633 -0.012704 0.032944 -0.002353 -0.343236 0.005851 -0.000502 0.000276 0.204739 0.002876 0.172586 -0.000861 0.006155 0.680764 -0.049284 -0.000035 -0.000058 -0.070163 -0.117045
-0.080521 -0.016303 -0.000673 -0.261185 0.000625 -0.012419 -0.304500 -0.000170 0.161893 -0.223449 0.095211 0.000406 -0.015429 -0.333277 -0.007932 -0.053658 -0.010276 -0.248849 0.000771 0.000210 -0.255776 -0.053914 -0.362577 -0.000097 -0.188396 -0.000782 0.000016 0.000076 -0.001404 -0.110686 -0.011809 -0.179751 0.714748 -0.106368 -0.160511 0.011445 -0.001468 -0.002139 -0.003628 0.135696 -0.000483 0.398307 0.089536 0.002386 -0.000278 -0.033523 -0.001972 0.000003 -0.005523 -0.016438 -0.000593 -0.273501 -0.000025 0.001802 0.001098 -0.298926 -0.263412 -0.461241 -0.004973 -0.211972 -0.188549 -0.098066 -0.002463 -0.213788 0.000443 -0.001551 0.000761 -0.314937 0.000670 0.003128 -0.092716 -0.251609 -0.225295 -0.005788 -0.000309 0.020347 0.077441 -0.001843 -0.215936 0.018486 0.001255 -0.003709 0.000230 0.000294 -0.000393 -0.040420 0.016704 -0.017514 -0.000017 -0.512523 -0.014074 -0.001228 0.033767 0.042525 -0.003125 0.061236 -0.009944 -0.164737 -0.329889 0.006789 0.022373 0.022669 -0.000241 -0.000217 -0.013758 0.082412 -0.001265 -0.247286 -0.006346 0.107117 -0.075294 -0.428377 0.000215 -0.213093 -0.202474 -0.000021 -0.001037 -0.023698 -0.075059 -0.092556 0.000058 -0.002980 -0.172081 -0.103718 -0.000041 0.000076 0.004749 0.054579
-0.008987 0.060196 -0.000098 0.007947 -0.000247 0.042471 -0.055317 -0.000167 0.130633 0.327299 0.003997 -0.000000 0.070579 0.093055 -0.000065 0.028803 0.010146 0.324142 0.000492 -0.000015 0.464169 -0.008358 -0.230956 0.001595 -0.241740 -0.000181 -0.000175 -0.000022 -0.003147 0.089287 0.065656 -0.111242 -0.075106 -0.002405 0.009044 0.025625 -0.002592 -0.001409 0.233424 -0.042573 -0.000048 -0.165011 0.094677 0.001269 -0.000111 -0.003959 0.001651 -0.000464 0.004690 -0.005054 0.000055 0.300406 -0.000313 -0.001348 -0.000140 0.255749 0.389808 -0.170185 0.002641 -0.006680 -0.367322 0.044393 0.000672 0.117424 0.000172 -0.000431 -0.002161 0.085768 -0.000172 -0.004744 0.028760 0.617103 -0.079564 0.000832 0.000219 0.430535 0.268053 -0.000451 -0.059658 0.022048 0.008337 -0.000353 -0.000454 -0.000486 -0.001649 -0.023910 0.003899 -0.010897 0.003075 -0.113692 -0.017547 0.001786 0.012960 0.124124 -0.000801 -0.003164 -0.145838 -0.014882 0.086403 -0.001308 0.148334 -0.098261 -0.000252 -0.000395 -0.004105 -0.337392 -0.002028 -0.288329 0.021006 1.127393 0.126330 0.057369 -0.001950 -0.172233 0.062095 -0.000195 -0.000158 0.146293 -0.024204 -0.116375 0.000091 0.005957 -0.158707 -0.122945 -0.000322 -0.000219 0.004138 0.075780
0.070357 -0.100909 -0.000057 -0.071590 -0.000670 0.006440 0.204462 -0.000312 0.309057 -0.028927 -0.035637 -0.000911 0.171196 0.077076 0.006329 0.004189 0.018559 0.164892 -0.000699 0.000868 -0.042963 0.019433 -0.018824 -0.000241 -0.237808 0.000116 -0.000042 -0.000164 -0.000381 -0.113754 0.254156 -0.153757 -0.406510 -0.016451 -0.019751 0.019303 0.000595 -0.000154 -0.262837 -0.236223 0.000145 0.040233 0.018812 -0.000484 -0.000215 -0.007981 -0.006266 -0.000615 0.013635 0.357924 0.000029 0.421726 0.000042 -0.000815 -0.000137 -0.078465 -0.233515 0.516975 0.000026 0.416277 0.219668 0.034930 -0.000150 0.138924 0.003820 -0.000488 -0.000030 0.036457 0.000047 -0.002055 0.099650 0.041595 0.175225 -0.003855 -0.000226 -0.266367 -0.057144 -0.000810 0.221520 -0.024875 0.008816 0.035774 -0.000287 0.000202 -0.000360 -0.034637 -0.284941 0.010413 -0.000057 0.146346 0.022255 -0.000243 0.092248 0.221707 -0.002807 -0.020349 0.130776 -0.007378 0.158974 -0.000645 0.236844 0.039652 -0.000054 -0.000435 0.013423 -0.178130 -0.000225 -0.041523 0.011742 0.413017 0.203862 -0.099516 -0.000204 -0.103472 -0.069083 -0.000033 -0.000061 0.274351 -0.341122 0.347531 0.000293 -0.002070 0.006567 -0.312954 0.000244 -0.000552 0.041525 0.386682
0.034913 0.048954 -0.000225 -0.025794 -0.000100 -0.000042 -0.022982 0.000014 -0.118420 -0.029292 -0.001167 -0.000345 -0.084074 -0.004966 -0.000614 -0.052360 0.000208 0.000078 -0.000721 -0.001274 0.001814 -0.005363 -0.186376 -0.000436 -0.167724 -0.000639 0.000610 -0.000291 -0.001483 0.004251 0.042690 0.006769 -0.101385 0.007015 -0.008270 -0.000397 -0.000505 -0.000234 -0.001625 0.196192 -0.000108 -0.070466 -0.000335 -0.000257 0.000005 -0.045479 -0.001285 0.000299 0.000044 0.038562 -0.000116 -0.017509 -0.000830 0.000276 -0.000843 -0.048503 -0.038451 -0.140693 -0.000094 -0.034975 -0.105914 0.036644 -0.000021 -0.037322 -0.000408 -0.002329 -0.000799 -0.001516 0.000029 -0.000547 0.026850 -0.000136 -0.058853 -0.000235 -0.000072 -0.036767 0.001980 -0.000185 -0.037339 0.017399 -0.000717 -0.000947 -0.000590 -0.000031 -0.000509 0.037375 0.000141 -0.000818 0.000087 -0.031179 0.057337 -0.001169 0.004794 0.040040 -0.001368 0.000087 -0.001035 -0.101909 -0.051535 -0.000557 0.006784 -0.107027 0.000388 -0.000224 -0.001778 -0.104582 0.000134 -0.104933 -0.000437 -0.067602 -0.028410 -0.093641 -0.000493 -0.145583 -0.000362 -0.000059 -0.000539 0.006942 -0.000148 -0.011426 -0.000084 -0.000152 -0.202714 0.000096 -0.000692 -0.000366 -0.012796 0.030993
0.019556 0.144256 0.000864 0.154081 -0.000170 0.031909 0.133820 -0.000624 0.119195 -0.176006 -0.006806 -0.000374 -0.276259 -0.295924 -0.000589 -0.020225 0.040345 0.427600 0.001284 -0.000077 0.296123 -0.024163 -0.028162 -0.000811 -0.367672 0.000063 0.000125 -0.000171 -0.000344 0.080199 -0.145683 -0.059791 -0.053910 -0.018179 0.002714 0.008050 0.000288 0.000842 0.379440 0.014873 0.001532 -0.049570 0.021835 0.000228 0.002009 -0.012267 0.002579 -0.000572 -0.002346 0.087323 0.000104 -0.140401 -0.000693 0.000798 -0.000205 -0.012283 -0.103574 -0.185609 0.017235 0.303680 -0.169520 -0.020216 -0.001262 -0.118693 0.000956 -0.001081 -0.001382 0.055194 0.000660 -0.002323 0.087876 -0.331649 0.070091 -0.000133 -0.000292 0.010034 -0.030511 -0.000614 -0.209104 -0.001588 0.001255 -0.000832 -0.000265 -0.000144 -0.001412 -0.013729 0.001364 0.056742 -0.000289 0.192120 -0.009764 -0.001019 0.013805 -0.119871 -0.001546 0.007040 0.190448 -0.224518 0.132413 0.000051 0.274416 0.008929 0.000156 -0.000271 0.038127 0.164353 0.000678 -0.224162 0.000589 0.065894 0.194895 0.134102 0.001291 -0.104380 0.136219 0.000737 -0.000223 0.079508 -0.001083 -0.066046 -0.000151 -0.004289 -0.117644 -0.137457 -0.000310 0.000177 0.012206 0.141230
-0.049137 -0.238284 0.001195 0.196546 -0.000928 -0.038257 0.223227 -0.000963 0.095022 0.273483 -0.001288 0.000299 -0.500108 0.190678 0.000574 -0.063849 0.004223 0.373649 -0.001750 0.002532 0.118268 -0.015500 0.302631 0.001670 -0.210718 -0.002221 0.000002 0.000072 0.003105 -0.084282 0.135648 0.027064 -0.084914 0.094885 -0.049867 -0.007182 -0.000472 0.000133 0.150563 0.255391 0.000880 -0.059068 0.035925 0.000124 0.000585 0.131346 -0.004086 -0.001553 0.012883 0.137925 0.000118 0.236407 0.000013 -0.000036 0.001529 0.009611 -0.320811 0.145866 -0.009125 0.239362 0.098829 -0.008965 0.003692 0.110354 0.003045 -0.000061 -0.000917 0.107828 -0.000968 -0.000655 0.085762 0.044472 -0.115027 -0.001009 0.000662 -0.045732 0.019001 -0.000440 -0.120045 0.007041 -0.000057 0.002164 -0.000438 -0.000063 0.000167 0.070897 -0.064399 0.004190 -0.000108 -0.023067 -0.015079 -0.000086 0.153303 -0.134997 -0.001908 0.012021 0.186228 -0.036478 0.043033 -0.000255 -0.346832 0.300483 -0.000161 0.000617 0.004927 0.198465 0.000334 0.132369 -0.027856 -0.122851 -0.158719 0.239072 -0.000107 -0.329740 -0.012155 0.001310 -0.000089 -0.040760 -0.020286 0.279785 0.000173 0.000006 0.068508 0.045107 0.000049 -0.000084 0.032309 0.198803
-0.011944 0.133176 0.000285 0.104241 0.000777 -0.000154 -0.077529 -0.000084 0.114618 -0.217026 -0.030766 -0.000431 -0.132025 -0.141175 -0.000190 0.182538 0.000077 0.229743 -0.000030 -0.000135 0.048375 0.134643 -0.148010 0.000170 -0.216659 0.000140 0.000099 -0.000034 -0.000212 0.137301 0.098025 -0.094211 -0.075668 -0.045364 -0.000532 0.133232 -0.000434 -0.000192 -0.001340 -0.018601 0.001166 -0.070707 0.188863 0.000114 -0.000446 0.068523 0.001182 -0.000278 -0.000662 -0.063019 0.000172 0.446032 -0.000489 0.000495 0.000588 0.117685 0.140338 -0.073762 -0.000141 0.118841 -0.311916 -0.034791 -0.001272 0.241086 -0.000191 -0.000745 -0.000512 -0.159112 0.000389 -0.000868 0.322773 0.369836 -0.123487 0.000347 0.000065 0.069443 -0.008509 -0.000630 -0.214238 -0.001121 -0.000561 -0.010038 -0.000711 -0.000101 0.000036 0.207544 -0.041523 0.104726 -0.000086 -0.140450 0.040242 -0.000140 0.046665 0.097736 -0.000619 -0.005705 -0.007564 -0.102619 0.051232 -0.000808 0.428939 0.040067 -0.000342 -0.000052 0.136813 0.029102 -0.000530 -0.378326 -0.000484 0.068034 0.109127 0.177378 -0.000107 -0.394253 -0.033632 0.000154 -0.000542 -0.025428 0.110610 0.021281 0.000051 -0.000060 -0.353609 -0.013784 0.000217 -0.000253 0.000181 0.134719
-0.014097 0.150467 0.000079 -0.173888 -0.000152 0.036433 0.172052 0.000360 0.075019 -0.078401 -0.004195 -0.000144 -0.396966 -0.271112 -0.000164 -0.025472 0.004872 -0.032958 -0.000598 -0.000208 0.086784 -0.017747 -0.059198 0.000142 -0.065039 -0.000031 0.000186 -0.000115 -0.000431 0.047612 0.156149 0.026342 0.264124 -0.001582 -0.020153 -0.028362 -0.000383 -0.000731 0.036187 0.486359 0.000108 -0.031162 -0.033366 -0.000187 0.000394 -0.009590 -0.000509 -0.000097 -0.007815 0.027590 0.000022 -0.119683 0.000215 -0.000321 -0.000135 -0.158191 0.064043 -0.211804 -0.007142 0.136151 0.374800 -0.064489 -0.000296 -0.011202 -0.000114 0.000081 -0.001033 0.044307 -0.000479 -0.000025 0.034003 -0.104369 -0.075035 -0.000262 0.000107 0.128708 0.279645 -0.000414 0.038613 -0.001601 -0.000105 0.000221 -0.000069 0.000087 -0.000082 0.015683 0.000067 -0.006435 -0.000272 0.036595 -0.033536 -0.000296 0.002133 0.017052 -0.000128 -0.011262 0.311193 -0.058532 -0.104327 -0.000167 0.138923 0.335805 0.000065 0.000153 -0.015550 0.087320 -0.000070 -0.041765 -0.007491 0.185193 0.090535 0.146363 -0.000339 -0.009288 -0.013378 -0.000372 0.000309 0.014720 -0.038808 0.367841 -0.000117 0.000137 0.371200 -0.030108 -0.000096 0.000150 -0.047220 -0.091973
-0.000140 0.157523 0.000065 0.248212 -0.000444 0.005035 0.153708 -0.000005 -0.030589 -0.057068 0.003130 -0.000355 -0.379583 -0.038194 0.000172 0.008654 -0.013661 -0.083082 -0.000830 -0.000171 0.279035 0.009294 -0.272106 -0.000201 -0.050348 -0.000591 0.000356 0.000035 -0.000314 0.071929 0.272713 0.135671 -0.234468 -0.018709 -0.027805 -0.002604 -0.000112 -0.000177 0.251091 0.189103 -0.000030 0.106476 -0.055473 -0.000169 0.000743 -0.037785 -0.001381 0.000586 0.016835 0.388478 0.000480 0.117685 -0.000959 -0.000248 0.000340 -0.114588 0.165036 -0.071729 0.001178 0.190213 0.164530 0.000939 -0.000670 0.038632 0.000061 -0.000947 -0.000625 0.244421 0.001708 0.000937 0.068224 0.278007 -0.071916 -0.001572 -0.001220 -0.031978 0.082343 -0.000429 0.035172 -0.010542 0.000335 -0.002991 0.000203 -0.000218 -0.000540 -0.032431 0.000972 -0.006223 -0.000989 0.118585 0.005806 -0.001187 0.013252 0.182910 0.000054 -0.026497 0.417183 0.402386 0.161534 -0.000849 0.013317 0.168179 0.000053 -0.000427 0.011677 0.386578 -0.000753 0.085483 0.010136 0.130920 -0.033569 -0.029728 -0.001037 -0.045509 0.260187 0.000232 -0.000180 0.207254 0.014472 -0.046498 -0.000229 -0.004883 0.003976 0.016662 -0.000062 -0.000100 0.057554 -0.268593
-0.000371 -0.001219 -0.000900 -0.001277 0.000344 -0.001047 -0.000157 0.000375 -0.000792 -0.000536 -0.000826 -0.000281 -0.078613 -0.000351 -0.000935 -0.000953 0.000153 -0.079795 -0.001198 -0.000530 -0.000183 0.000109 -0.002165 -0.000586 -0.001302 -0.000891 -0.000556 -0.000132 -0.000576 -0.003514 -0.000418 -0.000287 -0.001700 0.000228 -0.000995 -0.000551 0.000403 -0.000320 -0.000959 -0.000058 0.000667 -0.002881 0.000389 -0.000107 0.000874 -0.001696 0.001336 -0.000083 -0.003474 -0.000789 -0.000187 -0.000230 -0.001107 0.001347 0.001604 -0.000931 -0.000515 -0.087912 -0.000717 -0.002477 -0.004613 -0.001228 -0.000100 -0.000095 -0.000776 -0.000478 -0.000532 -0.000535 -0.000857 -0.001502 -0.000448 -0.003266 -0.002979 -0.000748 0.001105 -0.000643 -0.000489 -0.000840 -0.001970 -0.000343 0.000076 -0.000121 0.000125 -0.000802 0.000039 -0.000673 -0.000751 -0.000342 0.000983 -0.000681 0.000325 0.000433 -0.000430 -0.000201 -0.000520 -0.004217 -0.000769 -0.002150 0.000107 0.000134 0.000052 -0.000571 0.000270 0.000124 0.000277 -0.001121 0.000838 -0.002363 -0.001550 0.000889 -0.001207 -0.080972 0.000296 -0.002125 -0.002003 -0.000102 -0.000439 0.000228 -0.001296 0.000615 0.000022 -0.000053 -0.003301 -0.000822 0.000133 0.000188 -0.001140 0.000714
-0.074922 0.248129 -0.000637 -0.083347 -0.000319 0.005974 0.329778 -0.000450 0.321979 -0.027019 0.128887 -0.002057 -0.414190 0.380787 -0.001466 0.052768 -0.070844 -0.087428 -0.002902 -0.002476 0.036965 0.039946 -0.055908 0.001277 -0.304464 -0.000577 0.000358 0.000025 0.001874 -0.111842 0.262819 -0.011904 -0.169109 0.132716 -0.108835 -0.018577 -0.001862 -0.001386 0.089537 0.085267 -0.000134 -0.276161 -0.109651 -0.000193 0.001136 0.066986 -0.001488 -0.000120 -0.016633 -0.217990 -0.000128 -0.085727 -0.000590 0.000197 -0.000379 -0.144603 -0.085223 -0.388132 0.029018 0.065291 -0.330178 0.009069 -0.000948 -0.130615 -0.005234 -0.001188 -0.000131 -0.407188 0.000266 0.000823 0.075597 -0.037225 -0.301013 -0.005465 -0.000289 0.337431 -0.071561 -0.000400 -0.306413 -0.042262 -0.001127 -0.004540 -0.000465 0.000544 -0.000049 -0.043520 0.042185 -0.004764 -0.000630 -0.023909 0.000945 0.000639 0.073067 0.224878 0.000398 -0.028419 0.012503 -0.697437 0.107346 -0.002649 0.053762 0.137976 0.000100 -0.000315 -0.086409 0.287923 0.000414 -0.076742 0.009932 0.053033 0.151790 -0.015421 0.003162 0.663941 -0.108864 0.002187 -0.000104 -0.115446 -0.197252 -0.079806 -0.000126 -0.030529 -0.285283 -0.050695 -0.001468 0.000057 -0.036249 0.172337
0.011415 0.326056 0.001201 -0.011360 -0.001336 -0.022782 0.398303 0.000686 0.097537 0.028345 -0.057475 0.000273 0.260025 0.214725 -0.000368 0.009138 0.011038 0.220672 -0.000549 -0.000211 -0.113799 0.117330 0.160597 0.001024 0.090520 -0.000738 0.000376 -0.000182 0.001547 0.064395 0.337066 0.136898 -0.226826 0.093172 -0.039565 0.136073 0.000737 -0.000145 0.203956 0.045534 -0.000324 -0.087594 -0.009305 0.000024 -0.000075 0.034946 -0.001116 -0.000053 0.019330 0.087981 -0.000029 0.046455 -0.000434 0.000111 -0.000042 -0.006149 -0.049994 -0.052554 0.018630 0.537445 0.048766 -0.012511 -0.000634 0.130418 -0.002214 -0.001478 0.000200 0.036465 0.001210 0.001286 -0.135598 -0.432679 0.063867 -0.002305 -0.000073 0.140512 -0.282636 -0.001014 -0.231148 0.024032 0.009402 -0.006184 -0.000261 -0.000151 0.000317 0.014054 -0.051452 -0.056914 0.000257 -0.041452 -0.044089 -0.001006 -0.016006 0.607353 -0.001009 0.012377 -0.103545 -0.252984 0.187721 -0.000630 0.083358 0.241172 -0.000033 -0.000737 -0.062440 -0.374605 -0.000058 -0.199090 0.024222 0.053403 0.189868 -0.098753 0.000075 0.043713 -0.274340 0.000783 -0.000063 0.148386 0.033097 -0.105433 -0.000108 0.051155 -0.105596 0.111133 -0.000280 -0.000183 -0.038454 -0.014755
0.055066 0.023891 0.000249 -0.050519 -0.000632 -0.001516 0.012704 -0.001559 0.000100 -0.017698 -0.001181 0.000038 -0.054606 -0.000842 -0.000891 0.012697 -0.000115 -0.009301 -0.001071 -0.000131 -0.066960 0.058193 -0.100551 -0.000445 -0.100057 -0.001852 -0.000344 0.000155 -0.000334 -0.055304 -0.066980 0.027869 -0.119444 0.121123 -0.001247 0.019498 -0.000800 -0.000112 -0.000788 -0.053372 0.000176 -0.034932 -0.000636 -0.000672 0.000261 0.060913 -0.000730 -0.000513 -0.000013 0.005377 -0.000019 -0.052349 0.000086 -0.000202 -0.000641 -0.001630 -0.125439 -0.065054 -0.000163 -0.000069 -0.057117 -0.019225 -0.000275 -0.000720 -0.000567 -0.001363 0.000063 -0.048297 0.000567 0.000092 0.001830 0.036954 0.053234 -0.000408 -0.000751 -0.036391 -0.000238 -0.000280 -0.093817 0.033613 -0.002237 -0.000745 -0.000805 -0.000061 0.000042 -0.000679 -0.001418 -0.001351 -0.001952 -0.000609 -0.022702 -0.000013 0.090199 0.028818 -0.000352 -0.002314 0.000020 -0.040382 -0.006265 0.000022 0.000246 -0.000462 -0.000675 -0.000251 0.000085 -0.138022 0.000299 -0.106544 -0.000638 0.005409 -0.005821 -0.041812 -0.000911 -0.070879 -0.000334 0.000224 0.000188 0.008001 -0.001092 0.016531 -0.000085 -0.000029 -0.081652 0.000136 -0.001008 -0.000680 0.088404 -0.000556
-0.019161 0.266585 -0.000555 0.054696 -0.000772 0.009646 0.086378 0.000176 -0.034381 0.050382 -0.004227 0.000001 0.062849 0.041008 -0.000763 0.072712 0.048180 0.223135 -0.001233 -0.000081 0.134210 -0.127969 0.219761 -0.000258 -0.146193 -0.001160 -0.000183 0.000072 -0.001798 0.362977 0.149848 -0.279902 -0.215372 -0.110839 -0.031869 -0.010767 -0.001714 -0.001053 -0.046823 -0.013960 -0.000156 -0.116790 0.021358 -0.000103 -0.000085 0.044445 0.001570 0.000717 -0.021767 0.275942 0.000116 -0.030460 -0.001203 0.004543 -0.000057 -0.046027 -0.008505 0.230295 0.002387 0.174480 -0.564664 0.096727 0.000986 0.213525 -0.001366 -0.000163 -0.001074 0.246588 0.000021 -0.000095 0.145422 0.433386 0.254599 -0.001462 -0.000148 -0.135007 -0.101927 -0.000599 -0.124417 -0.009845 0.001268 0.001737 -0.000243 -0.000036 0.003512 0.005732 -0.001389 -0.046070 0.000545 0.264967 -0.002871 0.000558 -0.012625 0.044293 -0.000327 0.041410 0.281320 -0.104995 0.018534 -0.000078 0.059504 -0.003345 -0.000014 0.000082 0.022487 -0.046485 -0.000175 0.458443 -0.008677 0.152731 -0.000380 -0.143453 0.000111 -0.250630 -0.073600 0.000045 0.000160 0.040579 0.196801 0.273133 -0.000144 0.000728 -0.026898 -0.255885 -0.000276 0.000069 -0.017135 0.254333
0.012922 0.285389 -0.001741 0.418961 -0.000861 0.011899 0.214332 0.000711 0.278754 -0.020619 -0.015287 -0.001103 -0.379014 0.213333 -0.005742 0.010106 -0.020131 0.067098 -0.001580 0.000498 0.235960 0.039633 0.133174 0.000286 -0.223750 -0.000105 -0.000050 -0.000128 -0.001452 0.039359 0.239073 0.196219 0.033301 -0.011452 -0.019624 0.128871 0.000271 -0.002005 -0.158050 0.165362 0.000784 0.040061 0.032904 0.000363 -0.000150 0.063063 -0.002087 -0.001929 0.016239 0.246200 -0.000024 -0.076503 -0.000559 -0.001132 -0.000859 0.067800 -0.133622 0.425151 0.000707 -0.049708 -0.245134 -0.038167 0.000025 -0.109302 -0.000930 0.001725 0.000145 -0.157921 0.000272 0.001504 0.224120 0.371097 -0.124671 -0.000519 -0.000168 -0.029702 0.041850 -0.001317 -0.063120 -0.042211 0.001169 -0.028505 -0.000214 -0.000964 -0.003627 0.018636 -0.009910 0.000130 0.000242 0.518544 0.005731 -0.000618 0.027885 0.025966 -0.000546 0.006494 0.251169 -0.202957 0.057072 -0.000472 0.234752 0.314530 -0.000258 0.000119 -0.002253 -0.078367 0.000487 -0.665495 -0.003945 0.060427 0.198564 0.366641 -0.001619 0.140233 -0.069880 0.001111 -0.000298 0.208941 0.059064 0.303022 -0.000352 -0.004073 -0.163123 -0.179981 0.000238 -0.000418 -0.045082 0.360393
0.023289 0.122222 -0.001178 -0.160775 -0.000643 0.005349 0.037025 0.000479 -0.194745 0.447116 -0.025145 -0.000775 -0.105229 0.034822 -0.008527 0.040856 0.026930 0.187816 -0.000831 0.000504 0.427365 0.067999 -0.277447 0.003281 -0.350646 -0.001457 -0.000537 -0.000036 -0.000193 -0.073385 -0.115291 -0.104346 -0.161774 0.003833 -0.011699 -0.049972 -0.000567 0.001443 0.336583 0.443104 0.000842 0.040455 -0.027761 -0.000228 0.000858 -0.003495 0.000513 -0.000935 -0.016424 0.006720 0.000579 0.019493 -0.000777 0.000604 0.000924 0.491956 0.073605 -0.183890 0.001064 0.154971 -0.367825 0.016552 0.000521 -0.029858 0.001012 -0.002104 -0.001213 -0.017467 0.001159 -0.000983 0.042514 0.066710 -0.108178 0.002237 0.000138 0.337460 0.093166 -0.000104 -0.187209 -0.006691 0.001035 0.009791 -0.000661 -0.000212 0.000921 -0.047265 0.027843 0.156223 -0.001383 -0.004450 -0.011198 -0.000019 0.006323 0.188796 0.000142 0.023302 0.129594 -0.012640 -0.134111 -0.000372 0.492219 0.060520 -0.000302 -0.000341 0.038588 -0.167647 0.000432 -0.307549 0.007283 0.553537 0.075241 0.378021 0.000823 -0.283879 0.055217 0.001174 -0.000304 0.328009 -0.227325 -0.085021 0.000374 -0.001485 -0.394484 -0.019776 -0.000182 0.000328 -0.000819 0.148273
-0.018706 0.355416 -0.000304 0.242538 -0.000053 -0.002892 0.209435 -0.000624 0.261988 -0.228640 -0.001734 0.000700 -0.253581 -0.172553 -0.003912 -0.048890 -0.044124 -0.171645 -0.001022 -0.000754 0.332549 0.004426 -0.192780 -0.000033 -0.132303 -0.000205 -0.000107 -0.000237 -0.001144 -0.152962 0.053213 0.151968 -0.053102 -0.005237 0.023658 -0.009751 -0.000214 -0.000012 0.053507 0.320654 -0.000001 0.016178 -0.073516 -0.000036 -0.000139 0.022092 -0.004549 -0.000911 -0.008487 -0.081623 -0.000114 0.214776 -0.000886 -0.000584 0.000024 -0.101133 0.047807 -0.062904 -0.021196 -0.053872 -0.237363 -0.059853 -0.001044 0.377404 0.002818 -0.001158 -0.001812 0.060553 -0.000884 -0.002104 0.023716 0.207900 0.243652 -0.003745 -0.001186 0.161652 0.112311 -0.000871 -0.058828 0.018684 -0.000817 -0.003341 -0.001038 0.000007 -0.000137 -0.004001 -0.029044 -0.006255 -0.002344 0.299892 0.015800 -0.000702 0.008025 -0.027134 -0.001013 -0.023397 0.297749 -0.021939 0.269212 -0.001025 0.070852 0.035906 0.000053 0.000325 -0.077376 -0.038703 -0.000124 0.007489 -0.006473 0.026599 0.269576 -0.117797 0.000187 -0.463416 0.414835 -0.000223 0.000602 0.360377 -0.062318 0.165116 0.000005 0.008934 0.319817 -0.079070 0.000042 -0.000019 0.046593 -0.118045
-0.001052 -0.001539 -0.000438 -0.001930 -0.000297 -0.000227 0.000016 0.001551 -0.000933 -0.000341 -0.000135 -0.000087 -0.000838 -0.000268 -0.000375 -0.000058 -0.000081 0.000100 -0.000263 -0.000038 -0.001017 -0.000443 -0.002036 0.000073 -0.001254 0.000111 -0.000256 -0.000033 -0.000137 -0.000728 -0.000246 -0.000057 -0.000533 -0.000239 -0.000503 0.000083 -0.000164 -0.000239 -0.000257 0.000212 -0.000030 -0.002546 -0.000057 0.000073 -0.000007 -0.000103 0.000012 -0.000030 -0.000107 -0.000295 -0.000323 -0.000028 -0.000250 0.000202 -0.000053 -0.000957 -0.000202 -0.000791 -0.000050 -0.000429 -0.005348 -0.004356 0.000168 -0.000270 -0.000230 -0.000418 -0.000189 -0.000513 -0.001134 -0.000250 -0.000204 0.000225 -0.000399 -0.000340 0.000099 -0.001142 -0.000710 -0.000118 -0.000715 -0.000005 0.000317 0.000017 -0.000077 -0.000019 -0.000150 -0.000053 -0.000011 -0.000541 0.000003 -0.000008 -0.000027 -0.000023 -0.000195 -0.000430 -0.000828 -0.000385 -0.000046 -0.000412 -0.000134 -0.000236 0.000045 -0.000559 0.000345 -0.000016 0.000110 -0.000504 0.000005 -0.001993 -0.000057 0.000845 -0.000257 -0.000445 -0.000123 -0.000161 -0.000044 -0.000042 -0.000207 -0.000243 -0.000085 -0.000668 0.000196 -0.000509 -0.000405 -0.000273 -0.000002 -0.000035 -0.001151 -0.000626
0.050889 0.199053 -0.000282 0.132824 -0.000460 0.033202 -0.210954 -0.000553 0.184509 0.048869 0.063333 0.000259 -0.094180 -0.217367 -0.007704 0.005422 0.004864 0.002879 -0.000595 -0.000428 0.122761 0.098363 -0.050728 -0.000386 0.165852 -0.000482 -0.000308 0.000105 0.000152 -0.003467 0.049830 0.116632 -0.285999 0.024490 0.010498 0.141429 0.002913 -0.000015 0.368646 0.021443 0.000434 -0.108976 0.165900 -0.000259 -0.000298 0.040792 0.002387 0.000201 -0.001967 -0.049406 -0.000147 0.446816 -0.000225 -0.002759 -0.000391 0.254558 -0.127098 0.016320 0.002197 0.371610 -0.070668 -0.005125 -0.000777 0.053040 0.000567 -0.000709 0.000072 -0.112828 0.000298 -0.000618 -0.012047 -0.057309 0.097249 0.004562 -0.000536 0.132569 0.051517 0.002248 -0.297514 0.031962 0.000839 0.001231 0.000004 -0.000089 -0.000515 -0.022978 -0.092817 -0.053151 0.000336 -0.065797 0.057478 -0.000443 -0.000307 0.228522 -0.000617 0.069240 0.144955 -0.335139 0.101546 0.004497 -0.101129 0.124284 0.001028 -0.000135 0.068924 -0.150738 0.000275 -0.127617 0.032135 0.130710 0.014286 -0.188790 0.000205 -0.434976 0.098222 -0.000741 0.000042 -0.137159 0.055340 0.064423 0.002868 0.000846 -0.139346 -0.007447 0.000070 0.000044 -0.021586 0.084304
0.017367 -0.024098 -0.000048 -0.091986 -0.000351 0.022315 0.142023 -0.000154 -0.006407 -0.003253 0.086942 0.000456 -0.534114 -0.250683 0.002539 0.019064 -0.000705 -0.203273 -0.002495 0.001800 -0.045012 -0.017074 -0.381446 0.002433 -0.235537 -0.000615 -0.000187 -0.000322 -0.001171 0.118793 0.001486 0.194051 -0.357558 -0.009756 0.108049 -0.061120 0.000254 0.000110 0.341411 -0.039848 -0.000202 -0.154497 0.084721 -0.001204 0.000577 0.027932 0.000007 -0.000008 -0.004685 0.045587 0.000372 -0.071991 0.000148 0.000127 0.000628 -0.234345 -0.180632 -0.024762 0.000232 0.120913 0.428861 -0.007463 -0.002549 -0.449284 -0.000197 -0.000927 0.000271 -0.257171 0.000298 -0.001796 -0.052177 0.032566 -0.050245 -0.006318 -0.003561 0.171044 0.187129 -0.000629 -0.188133 -0.041923 0.006242 0.006491 -0.001245 -0.000500 -0.000717 -0.055869 -0.055121 -0.109940 -0.004710 -0.133635 -0.043677 0.000041 0.037143 -0.148767 -0.004952 -0.018095 0.102148 -0.664184 0.044851 0.001296 -0.039333 0.027948 -0.000728 -0.000334 0.007085 0.520095 0.003871 -0.112200 0.000460 -0.104100 -0.015755 0.060097 0.005173 -0.434403 -0.121386 -0.001109 -0.000405 -0.231564 0.064288 -0.075071 0.000106 -0.005947 -0.286399 0.010750 -0.000440 0.000435 0.011791 -0.228127
0.000485 -0.002612 -0.000130 -0.000485 0.000049 -0.000106 -0.000362 -0.000018 0.000038 -0.000652 -0.000509 -0.000272 -0.000591 -0.000310 -0.000450 -0.000994 0.000019 -0.000606 -0.000174 -0.000535 -0.003030 -0.001473 -0.001102 -0.000058 -0.002642 -0.000104 -0.000201 0.000024 -0.000583 -0.003949 -0.000202 -0.000104 -0.005553 -0.000635 -0.000841 -0.000540 -0.000312 -0.000086 -0.000146 -0.000222 -0.000149 -0.000837 -0.000765 -0.000192 0.000272 -0.000416 -0.000122 -0.001304 -0.000027 -0.000316 -0.000232 0.000462 -0.000394 -0.000366 -0.000566 0.000069 -0.000139 -0.000807 0.000138 -0.000627 -0.000436 0.000237 -0.001304 -0.000771 -0.000120 -0.000456 -0.000694 -0.000620 -0.000317 -0.001082 -0.000290 0.000015 -0.000313 -0.000587 -0.000211 0.000044 0.000261 -0.001200 -0.005487 -0.000204 0.000109 -0.000049 -0.000087 0.000058 0.000127 -0.000701 -0.000052 0.000011 0.000020 -0.000264 -0.000581 -0.000717 -0.000225 -0.002949 -0.001280 -0.000300 -0.000844 -0.000865 -0.000394 0.000131 -0.000421 -0.000958 0.000581 -0.000070 0.000052 -0.001857 -0.000420 -0.000471 -0.002582 -0.000221 -0.000784 -0.000914 -0.000368 -0.000160 -0.001252 -0.000805 -0.000333 -0.004427 -0.000632 -0.000216 -0.000195 -0.000086 -0.002900 -0.005053 -0.000186 0.000067 -0.000189 0.000033
-0.001947 0.001876 -0.000130 0.005797 -0.000257 -0.000776 0.000450 -0.000020 0.000688 -0.005421 -0.001996 0.000200 -0.013701 -0.004633 -0.003939 -0.001274 -0.007120 0.000592 -0.003337 0.001358 -0.001878 -0.000673 -0.078126 -0.001902 -0.016632 -0.000004 -0.000340 -0.000024 -0.000054 -0.018955 -0.000254 -0.007423 -0.005520 0.000298 0.002499 -0.000541 0.000111 0.000668 0.000840 -0.001017 -0.000924 -0.002479 0.001003 -0.000220 0.000216 -0.003500 -0.003391 -0.000438 0.001247 -0.003481 0.000161 -0.000459 -0.000312 -0.000896 -0.000426 -0.003588 -0.003701 -0.003507 0.007846 0.001596 -0.010207 0.001618 -0.000540 -0.001928 -0.001057 -0.000346 -0.000174 -0.001847 0.000708 -0.001810 -0.003263 -0.000691 -0.004819 0.004660 -0.000908 -0.000757 0.001911 -0.000487 -0.011527 -0.001667 0.003097 -0.000069 -0.000494 -0.000064 0.002915 -0.000731 -0.000548 0.001894 -0.001528 -0.005710 -0.003943 -0.001232 -0.001683 0.001334 -0.000049 -0.003601 -0.000333 -0.008521 0.003132 -0.000356 -0.075822 -0.009165 0.000220 -0.000104 -0.001019 -0.083588 0.000321 -0.092842 0.000740 0.005939 -0.003940 -0.000638 -0.001357 -0.017783 -0.004684 -0.000780 0.000438 -0.000669 -0.000975 -0.008009 -0.000197 0.000654 -0.013514 0.000837 -0.000347 -0.000205 0.005275 0.001837
0.036446 0.260721 -0.000864 -0.185560 -0.000538 0.010103 0.115164 -0.000261 -0.074097 -0.115119 -0.037517 -0.001295 0.545526 0.040776 0.000930 -0.111340 0.009808 -0.398655 -0.001396 0.003606 0.001042 0.026584 0.029536 0.004266 -0.156556 -0.001253 -0.000741 -0.000150 -0.005031 0.058723 -0.109128 -0.100770 -0.074304 0.025157 0.073338 0.106573 -0.000113 -0.000899 0.037053 -0.133054 -0.000487 0.077743 0.073936 0.001658 -0.001069 0.044025 -0.001870 -0.000254 -0.005056 0.044312 0.000121 0.248356 0.000069 0.004848 0.000718 -0.200935 -0.089000 -0.127990 0.000311 0.083976 0.371424 -0.086029 0.002518 0.046260 0.000663 -0.000265 -0.000141 -0.178299 0.001724 -0.003770 0.046376 -0.306752 0.064031 -0.001694 0.000833 -0.095111 0.069363 -0.000615 -0.343970 -0.057998 -0.000399 -0.003053 -0.000459 -0.001806 0.000053 0.024916 0.202754 -0.012440 -0.002952 -0.159417 -0.009286 0.001404 -0.029627 -0.018990 -0.003017 0.034861 0.183333 -0.336019 0.052778 0.001469 0.187753 0.066504 -0.000110 -0.000758 0.034392 -0.378472 0.001908 -0.174507 0.001380 0.022177 0.266916 -0.082427 -0.002220 -0.126842 0.164671 -0.000409 0.000218 0.135250 -0.194615 -0.188292 0.000319 0.026352 0.083901 -0.044818 -0.000114 0.000128 -0.075640 -0.080983
-0.021375 -0.012690 -0.001008 -0.017383 -0.000463 0.003842 -0.079453 -0.000166 0.000466 0.011041 -0.000545 0.006666 -0.045440 0.023332 -0.000634 -0.001321 -0.000355 -0.017334 0.002756 -0.001387 -0.007309 -0.009925 -0.084268 -0.000281 -0.113189 -0.002165 -0.000191 0.000049 -0.001207 -0.012422 -0.028158 0.011645 -0.155703 -0.000205 -0.010668 0.005637 0.003072 0.000024 0.011232 -0.013837 0.000178 -0.000883 -0.043366 0.001582 -0.003188 -0.007046 -0.001285 -0.000695 -0.001492 -0.010418 0.000126 -0.065916 -0.001544 -0.000517 -0.001306 -0.103792 -0.119112 -0.027250 0.002593 -0.000819 -0.062141 0.002576 -0.001275 0.017079 0.002195 -0.001852 -0.002743 0.002383 0.000808 -0.001058 0.011444 0.017791 -0.009887 -0.001493 -0.000155 -0.002942 0.002877 0.000695 -0.194557 -0.018338 -0.002199 -0.002656 -0.000295 -0.000152 -0.000076 -0.008051 0.007159 -0.001002 -0.000721 -0.000967 -0.011329 -0.000974 -0.014706 -0.005519 -0.001469 -0.000993 -0.006561 -0.031040 -0.011027 -0.002019 -0.007459 0.011310 -0.000043 -0.000723 0.010762 -0.039558 0.000254 -0.131211 -0.009374 -0.015326 -0.013864 0.017845 0.000311 -0.124820 0.010536 0.001204 -0.000231 -0.000541 -0.057827 -0.008264 0.000668 0.003252 -0.114080 -0.004460 -0.000564 0.000121 -0.026148 0.011555
-0.011843 -0.005097 -0.000282 0.000307 -0.000554 0.000237 -0.003208 0.000638 0.003167 -0.003337 -0.008289 -0.000087 -0.010531 0.000205 -0.006598 -0.001272 0.004676 -0.001004 0.003849 -0.000545 -0.003052 -0.000636 -0.011769 -0.002684 -0.053574 -0.000586 -0.000033 0.000025 0.000159 -0.010684 -0.000823 -0.001090 -0.003854 -0.008138 -0.000824 -0.001699 -0.000573 -0.001460 -0.000296 -0.045248 -0.000090 -0.005799 -0.002549 0.000771 -0.000017 -0.002469 0.002030 -0.000548 0.003135 -0.006826 -0.000106 -0.007566 -0.000126 0.000584 -0.000422 -0.000714 -0.004266 -0.006988 0.000013 0.002061 -0.009457 -0.000425 -0.000863 -0.002707 -0.001611 -0.000789 0.001456 -0.000673 0.000281 -0.002806 -0.001401 -0.000299 -0.001191 0.000737 -0.000387 0.002542 -0.001619 0.000471 -0.005748 0.000052 -0.002417 0.003974 0.000015 0.000082 -0.000061 0.009492 0.002700 0.004240 0.001391 0.005154 0.001713 0.000076 -0.004784 -0.004734 -0.001186 -0.005009 0.001427 -0.011888 -0.000516 -0.002350 -0.002066 -0.010324 -0.000929 -0.000095 0.001924 -0.009026 -0.000610 -0.056274 0.002639 0.004026 -0.002196 -0.005194 -0.000113 -0.012560 0.000979 -0.000578 -0.000110 0.005097 0.002383 -0.000127 -0.000219 -0.000987 -0.066848 -0.005741 -0.000172 0.000085 0.006997 0.001231
0.073177 -0.004096 -0.000192 -0.092821 -0.000279 0.004734 0.062175 -0.000013 0.006308 -0.006014 -0.100466 -0.001776 -0.116555 -0.121726 -0.001006 -0.026904 0.017480 0.015129 -0.002085 0.000173 -0.005081 0.015619 -0.110016 0.000601 -0.174410 -0.000161 -0.000135 0.000316 0.003706 -0.022515 0.028302 -0.029441 -0.178167 -0.003799 0.151581 0.088745 0.009728 0.000994 0.038441 0.052120 -0.000153 0.024691 -0.032058 0.002172 -0.000028 -0.007682 0.004626 0.000036 0.002559 0.002607 0.000265 -0.018746 0.000020 -0.001372 0.000028 -0.018306 -0.022688 -0.164126 0.014737 0.004003 -0.189727 -0.046221 0.001517 -0.005725 0.003413 0.001569 -0.001576 0.002170 -0.000214 -0.000248 0.010188 0.003633 -0.049836 0.001558 0.002286 0.097431 0.004230 0.000059 -0.199334 -0.054004 0.003515 -0.005534 -0.000139 -0.000095 0.000546 0.159855 0.089702 0.011075 -0.000793 -0.058368 -0.035246 -0.001598 0.030081 -0.110681 0.003372 0.006070 0.000009 -0.041682 0.046402 -0.000001 0.066164 -0.101437 0.000033 -0.000290 0.010705 -0.181448 0.000042 -0.166179 -0.000807 0.001519 -0.064155 -0.008614 -0.001269 -0.143783 -0.008618 -0.000050 -0.000130 -0.073151 -0.051311 -0.023575 -0.000053 0.001727 -0.058379 0.072498 -0.000221 -0.000238 -0.001233 0.017091
-0.001429 -0.002026 0.000340 -0.001355 0.000436 0.000250 0.000029 0.000122 0.000878 -0.001809 -0.001469 -0.000742 -0.002635 -0.000820 -0.000486 -0.002944 -0.000401 -0.001082 -0.001854 -0.000679 0.000254 -0.000057 -0.001635 -0.001205 -0.003020 -0.000621 0.000829 -0.000034 -0.002084 -0.008490 -0.000373 0.000220 -0.002751 0.000099 -0.000757 -0.000713 -0.000942 -0.000148 0.000422 -0.000281 0.000351 -0.002143 -0.000598 0.000175 0.001067 -0.001469 -0.000268 -0.000552 0.000089 -0.001685 -0.000008 0.000591 -0.000363 0.000236 -0.000523 -0.002431 -0.000501 -0.000789 0.001034 0.000307 -0.002886 -0.000136 -0.000111 -0.000626 -0.000099 -0.000786 -0.000721 -0.001242 0.000616 -0.001463 -0.001585 -0.002453 -0.002270 -0.001346 0.000400 0.001554 -0.000270 -0.001453 -0.002695 -0.001494 -0.000244 0.001139 -0.000592 -0.000311 0.001051 -0.000476 -0.001188 0.000158 -0.000392 -0.000491 -0.000284 -0.000975 -0.001053 -0.000903 -0.001838 -0.002390 -0.001261 -0.001086 -0.000636 -0.000630 -0.001548 0.000652 0.000170 -0.000555 0.000301 -0.000440 -0.001372 -0.001694 -0.000144 0.001514 -0.000429 -0.000505 -0.002346 -0.007432 -0.000671 0.000282 -0.000089 -0.000214 -0.001630 0.000172 0.000981 0.000061 -0.007766 0.000687 -0.000254 -0.000136 -0.000125 -0.000710
0.000092 -0.002589 0.000042 -0.000339 0.000124 0.000141 0.000036 0.000046 -0.000001 -0.000732 -0.001500 -0.000141 -0.000624 -0.000614 -0.001078 -0.000833 -0.000223 -0.000671 -0.000162 -0.000463 0.000144 -0.000655 -0.002990 -0.000418 -0.000549 0.000245 0.000079 -0.000117 -0.000308 -0.001647 -0.002374 -0.000013 -0.000572 -0.000713 0.000416 -0.000459 -0.000083 0.001600 -0.000133 0.000200 0.000307 -0.001532 -0.000510 -0.000154 0.000154 -0.001106 0.000220 -0.000397 0.000069 -0.000417 -0.000016 -0.000305 -0.000303 -0.000804 0.000125 0.000526 -0.000104 -0.002561 -0.000049 0.000222 -0.000997 -0.000104 0.000462 -0.000307 -0.000098 0.000200 -0.000604 -0.000466 0.000128 -0.001051 -0.000249 0.000024 -0.001875 -0.000316 0.000088 -0.000881 -0.000214 -0.000285 -0.001430 -0.001354 -0.000268 -0.000122 0.000228 -0.000113 -0.000248 -0.000158 -0.000071 -0.000034 -0.001559 -0.000178 -0.000086 -0.000164 -0.001630 -0.000065 -0.000806 -0.003113 0.000501 -0.000851 -0.000247 -0.000472 -0.000791 -0.001104 -0.000198 -0.000207 -0.000356 -0.000405 -0.000950 -0.000417 -0.000411 0.000169 -0.000534 -0.000529 -0.000304 -0.003137 -0.001012 -0.000196 -0.000098 -0.000303 -0.000810 -0.000069 0.000055 -0.000735 -0.002957 -0.000003 0.000012 -0.000123 -0.000052 0.000040
-0.007184 -0.006681 -0.000448 -0.001142 -0.000661 -0.002259 -0.005640 -0.001112 -0.003326 -0.004225 -0.011721 -0.000144 -0.008864 -0.002882 0.000940 -0.007179 -0.005679 -0.000263 -0.000123 -0.000953 0.000181 0.002106 -0.007003 -0.000192 -0.008856 -0.000628 0.000195 0.000257 -0.000988 -0.009171 -0.002239 -0.000779 -0.008833 -0.002427 -0.000915 0.002481 -0.001082 -0.000278 0.000163 0.001598 -0.000793 -0.002829 -0.000124 0.000032 0.000725 -0.000340 -0.000168 0.000141 -0.000855 -0.004799 0.000215 0.003611 -0.000865 0.000402 -0.000284 -0.005457 -0.000562 -0.001900 -0.000004 0.000332 -0.047373 -0.000085 -0.000165 0.000662 -0.000351 -0.000459 -0.001309 -0.001540 0.000972 -0.000463 -0.000993 -0.000107 -0.002735 -0.002914 0.001762 0.000133 0.001889 -0.002323 -0.012190 -0.005881 0.001102 -0.003965 -0.000325 -0.000030 -0.000314 -0.000295 0.000042 0.000484 -0.000258 -0.001655 -0.000577 -0.000821 -0.001394 0.001025 -0.001540 -0.005339 -0.003915 -0.002177 0.000022 -0.000225 -0.001528 -0.008155 -0.000629 -0.000190 -0.001301 -0.048591 0.000070 -0.016509 -0.001363 0.000654 0.000407 -0.042148 -0.001027 -0.009362 -0.005531 -0.001058 -0.000296 0.000064 0.003081 -0.000212 -0.000044 -0.000528 -0.015539 0.002026 -0.000035 -0.000547 -0.003436 0.000719
-0.003682 -0.006345 -0.000134 -0.000690 0.000094 -0.000229 -0.000130 -0.000090 -0.000270 0.000586 -0.000380 -0.000332 -0.002949 -0.000760 -0.003078 -0.000043 -0.000193 -0.000510 -0.001443 -0.000069 -0.005994 0.000321 -0.000014 -0.000145 -0.002153 0.000093 0.000241 0.000055 -0.000171 -0.000454 -0.002339 -0.000728 -0.002360 -0.001164 -0.000065 -0.001276 -0.000533 -0.000073 -0.002115 -0.000993 0.000032 0.000598 -0.000581 -0.000080 -0.000227 -0.001473 -0.001515 -0.000078 -0.000801 -0.001040 0.000057 -0.000052 -0.000329 -0.000940 -0.000412 -0.002227 0.000312 -0.007275 0.000049 -0.002147 -0.002926 -0.000180 -0.000278 -0.004983 -0.000251 -0.000485 -0.000320 -0.000472 -0.000815 -0.000309 -0.000047 -0.003022 -0.002812 -0.001887 -0.000240 -0.001362 -0.000758 0.000088 -0.003592 -0.003109 -0.000727 -0.000557 -0.000416 0.000140 -0.001226 -0.000043 -0.000205 -0.000023 -0.000018 -0.000209 0.000031 -0.000745 -0.000514 -0.000323 -0.000758 -0.002607 -0.000045 -0.000844 0.000089 -0.000315 -0.000785 -0.000280 -0.000096 -0.000168 -0.000897 0.000235 -0.000360 -0.002198 -0.000627 -0.000825 -0.000405 -0.002889 0.000013 -0.004594 -0.000357 -0.000104 0.000231 -0.001868 -0.000016 -0.000700 -0.000051 0.000356 -0.003109 -0.000297 0.000030 -0.000117 0.000851 -0.000011
-0.111952 0.028513 -0.000617 -0.208976 0.000171 0.009920 0.330507 -0.000535 0.069928 -0.056507 0.010075 -0.000502 0.000933 0.018048 -0.004769 0.005760 -0.037689 -0.187871 -0.001043 0.003754 -0.038558 0.088851 -0.184811 0.001650 -0.389327 -0.000458 0.000306 0.000034 0.000012 -0.157863 -0.157473 0.087653 -0.133188 -0.015851 0.007491 -0.017057 0.000757 0.002880 0.052420 0.183705 0.000317 0.374621 -0.022282 0.000117 0.000336 0.004175 -0.002737 -0.000935 0.014139 0.256632 -0.000048 -0.013720 0.000543 0.000663 0.001088 0.037195 -0.048817 -0.303635 -0.006990 0.183553 -0.240179 0.063060 0.002094 0.082136 -0.007074 -0.000637 0.001103 0.195189 -0.001593 0.002217 -0.288758 0.183386 -0.325176 0.000757 0.000906 -0.088694 0.321079 0.001853 -0.075192 -0.015256 -0.005489 0.000520 -0.000463 0.000454 -0.002731 0.031563 0.019402 0.081285 -0.001715 -0.013206 -0.004030 -0.002250 0.003739 -0.122561 -0.005172 0.053484 -0.277460 0.680046 -0.119607 0.001078 -0.039410 0.044122 -0.000399 0.000412 -0.053087 0.006688 -0.003737 0.017619 0.005790 -0.012343 0.064399 -0.199023 -0.001438 0.349794 0.161089 -0.000292 -0.000350 0.002891 0.180081 -0.109164 0.000074 0.013289 -0.329306 -0.091653 -0.000289 -0.000621 -0.022667 0.032802
-0.000394 -0.002916 -0.000168 -0.000340 0.000130 0.000056 0.000212 -0.000248 -0.000893 0.000407 -0.001738 0.000178 -0.001861 -0.026798 0.000115 -0.000693 -0.000279 -0.000495 -0.000710 0.000005 0.000294 -0.000530 -0.001645 -0.000066 -0.001540 -0.000089 0.000075 -0.000145 -0.000789 -0.003171 -0.000509 -0.000464 -0.028270 -0.000600 -0.001077 -0.000226 -0.000445 0.000040 -0.000274 -0.000325 0.000150 -0.000969 0.000031 -0.000080 0.000074 -0.001133 -0.001453 -0.000279 0.000050 -0.001549 -0.000159 -0.026988 -0.000145 -0.000198 -0.000369 -0.002075 -0.028721 -0.000719 -0.000240 -0.000515 -0.002605 0.000022 -0.000794 -0.000742 -0.000668 -0.000165 -0.001174 -0.000679 0.000469 -0.000304 0.000153 -0.000488 -0.000883 -0.001077 -0.000073 -0.000060 -0.000667 -0.000628 -0.029654 -0.000529 0.000046 -0.001440 0.000014 -0.000111 -0.000343 -0.000316 0.000097 0.000154 -0.000047 -0.001339 -0.000112 -0.000078 -0.000963 -0.000907 -0.001643 -0.000259 -0.000419 -0.000209 -0.000067 0.000226 -0.000701 -0.000346 -0.000499 -0.000046 -0.000843 -0.001078 -0.000027 -0.001008 -0.000196 -0.026974 -0.000544 -0.000535 -0.000177 -0.029013 -0.001763 -0.000220 -0.000291 0.000220 -0.000426 -0.000054 -0.000119 -0.000211 -0.001171 0.000165 0.000089 -0.000083 0.000255 0.001598
0.033511 0.028197 -0.000176 -0.393873 -0.000768 0.028892 0.171873 0.000017 -0.182921 -0.140779 -0.042108 -0.001758 -0.132634 0.098908 -0.007983 -0.177138 0.105121 0.355261 -0.000986 -0.002096 0.123919 -0.068944 0.179087 -0.001713 -0.178185 -0.000919 0.000447 0.000321 0.002398 0.230056 0.008940 -0.117471 -0.273354 -0.053702 -0.040474 -0.058456 -0.000217 0.000286 -0.031773 0.005370 0.000568 0.148468 -0.042236 0.000368 0.000512 0.012638 0.004891 0.000402 0.032358 0.273252 0.000325 -0.063590 -0.000145 -0.000228 -0.000077 -0.120416 -0.240038 -0.183332 -0.006467 -0.159226 -0.266442 -0.091211 -0.000890 0.214543 -0.001793 0.001387 0.001228 -0.194502 -0.000316 -0.002796 0.242838 0.104199 0.031927 -0.003113 -0.001307 0.071462 -0.072174 0.000048 -0.245210 -0.050807 0.002305 -0.007577 -0.000317 -0.001211 0.000008 -0.028527 -0.115003 -0.008981 -0.000213 0.129893 -0.024409 -0.002423 0.012479 -0.146764 0.000945 -0.052477 0.126097 -0.584243 -0.182521 -0.001968 0.157062 -0.131193 0.000395 -0.000600 0.026473 -0.028383 -0.001507 0.630025 -0.000476 0.121424 0.015758 0.353794 0.000003 -0.226366 0.072413 0.000558 0.000425 0.124607 0.044879 -0.048974 0.000013 -0.004413 -0.206260 0.108297 0.001905 0.000044 -0.001843 0.028826
0.020177 -0.013611 -0.000054 -0.000223 -0.000120 -0.014519 -0.172199 -0.000081 -0.020951 -0.014834 -0.011040 0.000026 -0.409543 0.008950 -0.001987 -0.054403 0.013631 0.003495 -0.000033 -0.000203 -0.028906 0.045481 -0.130899 -0.000297 -0.261452 -0.000157 -0.000161 0.000152 -0.000806 -0.216159 0.008086 -0.074907 -0.213555 0.014716 0.089724 -0.021677 -0.000102 -0.000156 -0.172342 -0.055399 0.000174 -0.017987 -0.028472 -0.000108 0.000170 0.019681 -0.001800 -0.000117 0.017323 -0.041003 0.000182 0.067307 0.000038 0.000103 -0.000503 -0.101056 -0.096867 -0.170571 0.000126 0.005964 -0.032362 0.041432 0.000040 0.119125 0.002610 -0.000171 -0.000110 0.040899 -0.000024 0.001134 -0.002175 -0.053143 0.039997 0.000147 -0.000127 0.233820 0.040126 -0.000065 -0.219181 -0.041668 0.002963 -0.010141 -0.000229 -0.000138 -0.000022 0.004821 0.088758 -0.004975 -0.000056 0.008249 -0.013094 -0.000027 -0.015029 0.032548 -0.000195 0.035635 -0.019934 -0.147958 -0.001595 -0.000182 -0.126742 -0.002649 -0.000065 -0.000092 0.049051 -0.293382 -0.000160 -0.172985 -0.004927 -0.081286 0.131380 -0.025238 -0.000083 -0.108487 -0.002889 0.000152 0.000029 0.010979 -0.036241 0.048043 -0.000092 0.006828 -0.153884 0.009693 0.000004 -0.000011 -0.027668 0.016623
-0.043847 -0.179272 0.000132 0.261452 -0.000656 0.000813 0.120593 0.000735 0.300412 0.227616 -0.000943 -0.001668 0.339094 0.026794 -0.000501 0.009490 0.000287 -0.020766 -0.001226 -0.000028 0.540777 -0.030895 -0.027678 -0.001320 0.238466 0.000332 0.000040 0.000107 -0.001304 -0.027728 0.166260 -0.041647 -0.100293 -0.051938 0.000843 0.021799 0.000175 -0.001295 0.188945 0.028163 -0.000435 0.008046 0.003576 0.000073 -0.000275 -0.048810 -0.002600 0.000289 0.000388 0.167061 0.000401 0.290207 -0.000233 -0.000144 -0.001207 0.037123 -0.041960 -0.027597 0.002811 -0.075590 0.116860 0.039006 -0.001056 0.222567 -0.000069 -0.000482 -0.000903 -0.040700 0.000557 -0.000888 0.396732 0.282087 0.312990 -0.002974 0.000234 0.027363 -0.009923 -0.000544 0.204199 0.065337 -0.000037 0.023637 -0.000221 0.001098 -0.001706 0.000167 -0.001255 0.030948 0.000723 0.136529 -0.030387 -0.001181 -0.032175 0.216277 -0.000945 -0.004162 0.284002 -0.189759 0.046130 -0.000412 -0.019375 0.106131 -0.000092 -0.000323 -0.001888 -0.212123 0.000575 -0.163869 -0.000553 -0.024968 0.198001 -0.075050 -0.001274 -0.301345 0.186408 -0.000163 -0.000565 0.215118 -0.005121 0.327152 0.000037 -0.000526 -0.131133 -0.114927 0.000212 -0.000062 -0.003580 -0.176375
0.017421 0.013234 0.000925 -0.001484 -0.000990 0.010314 0.020574 0.000660 0.012309 0.037863 -0.001538 -0.000373 -0.044702 -0.092264 0.002105 0.006813 0.003284 -0.035357 -0.000740 -0.000231 -0.035833 0.002818 -0.081925 -0.002234 -0.050188 0.001436 0.000095 0.000059 -0.000211 -0.019819 0.019080 -0.001538 -0.008346 0.021824 -0.035738 0.023659 0.000649 -0.002301 0.000940 0.015324 0.000914 -0.017373 0.018040 -0.001586 0.000251 0.002141 -0.001645 -0.001246 0.020710 -0.031477 0.000571 -0.105884 -0.000389 0.002493 0.001542 -0.002229 -0.070587 -0.068798 0.000351 0.001095 -0.100015 0.014962 -0.001360 0.006786 -0.001778 -0.001083 -0.000997 -0.080131 -0.000035 -0.003689 0.004312 -0.024008 0.010558 -0.004051 0.000716 0.021026 0.025575 0.001245 -0.068239 -0.003907 0.000363 -0.003004 0.000933 0.000726 -0.000454 -0.070243 -0.003474 -0.005417 -0.000132 -0.022584 -0.005049 -0.001595 -0.009835 0.025523 -0.001150 -0.010354 -0.000486 -0.060296 0.009452 -0.000227 -0.006284 -0.006911 0.000265 -0.000283 0.000907 -0.128859 0.000474 -0.018707 -0.010778 0.015873 0.010286 -0.092333 -0.000552 -0.131449 -0.007818 -0.001892 -0.000408 0.008480 0.000594 -0.013616 -0.000322 0.013501 -0.081442 0.003679 -0.000265 0.000092 0.017748 0.029930
-0.000491 -0.001051 0.000037 -0.000688 0.000061 0.000477 -0.000242 0.000200 -0.000166 0.000078 -0.002098 -0.000163 -0.000419 -0.001343 -0.000010 -0.000448 0.000117 -0.000834 -0.000148 -0.000609 -0.000291 0.000279 -0.002255 -0.000283 -0.001505 0.000285 -0.000130 -0.000127 -0.000744 -0.001957 0.000025 0.001374 -0.000684 -0.000970 -0.000068 -0.000517 -0.000492 -0.000039 0.000689 0.000214 0.000371 -0.000315 -0.000361 0.000095 -0.000001 -0.001624 -0.000792 0.000268 -0.000183 -0.000761 -0.000007 -0.000330 0.000048 -0.000247 0.000987 -0.000467 -0.000450 -0.005946 0.000308 -0.004035 -0.001271 -0.000083 -0.000765 -0.000943 -0.000418 -0.000282 -0.001180 -0.000775 0.000042 0.000033 0.000456 -0.000511 -0.001793 -0.000431 -0.000385 0.000029 -0.000287 -0.000232 -0.001479 0.000013 0.000387 -0.001105 -0.001070 0.000183 -0.000012 0.000185 -0.000119 -0.000219 0.000252 -0.000639 -0.000058 -0.000916 -0.000692 0.000125 -0.000644 -0.005454 -0.000092 -0.002309 -0.000819 -0.001692 0.000130 0.000112 -0.000358 -0.000214 -0.000111 -0.000723 -0.000058 -0.001954 0.000356 0.000372 -0.001233 -0.000081 -0.000854 -0.007267 -0.001333 0.000433 -0.001619 0.000068 -0.001313 -0.000474 -0.000591 -0.002253 -0.003159 -0.000612 -0.000152 -0.000210 0.000070 -0.000079
0.021370 -0.072403 -0.000294 -0.036406 0.000291 0.015328 0.086422 -0.000116 0.014424 0.029321 -0.011239 -0.001243 -0.250269 -0.033640 -0.003597 -0.151997 0.020651 -0.066649 -0.000577 0.004665 -0.112890 -0.055681 -0.305975 0.000210 -0.246809 -0.001647 0.000709 -0.000110 -0.003983 -0.039012 0.021165 -0.087188 -0.132898 0.043952 0.147712 0.024826 -0.000298 0.001141 -0.004992 0.009108 0.000899 -0.105006 -0.061465 0.000629 -0.000894 0.027729 -0.003011 -0.000176 0.015460 0.002709 0.000365 -0.060262 -0.000922 0.000661 -0.000667 -0.118042 -0.181121 -0.062596 -0.003214 -0.187476 -0.140627 0.010713 0.000727 0.105031 0.000550 0.000366 -0.001239 -0.076606 -0.000291 0.000097 -0.088381 -0.069263 0.016400 -0.001876 -0.000238 -0.015911 0.007001 -0.001063 -0.132949 -0.022847 0.003759 -0.003136 -0.000072 0.000333 -0.002331 -0.029329 0.254643 0.083371 0.000700 -0.063316 0.008612 -0.000920 -0.016017 -0.102988 -0.003462 -0.015140 -0.097948 -0.147136 0.090456 -0.000597 -0.005713 0.007429 0.000073 0.000166 -0.070455 -0.086404 0.001017 -0.269706 -0.002319 -0.041901 0.055225 0.151590 0.000088 -0.252723 -0.092561 -0.000279 -0.000459 0.003612 0.303477 -0.067305 -0.000082 0.003552 -0.238911 -0.020006 -0.000137 -0.000529 -0.047319 -0.010017
-0.001208 -0.008756 -0.000051 0.226716 0.001023 -0.006828 0.236641 -0.000102 0.240251 -0.072076 0.124080 0.000056 -0.352662 0.051185 -0.001946 0.088160 -0.007844 -0.188771 -0.000444 -0.000487 0.089082 -0.154071 -0.066750 0.000066 0.217202 0.000295 0.000071 0.000047 -0.000480 0.032541 0.367047 -0.023680 0.139006 0.117437 -0.033487 -0.127593 0.000050 0.000746 -0.184715 -0.195235 -0.000225 0.149122 -0.026143 -0.000095 -0.000574 0.136356 0.000476 0.000266 -0.000206 -0.041787 -0.000642 0.623930 -0.000105 0.000009 0.001113 0.095122 0.212469 0.082039 -0.004519 0.008259 -0.193130 0.200869 0.000089 0.014033 -0.003024 0.000255 -0.000387 -0.086241 0.000791 -0.000208 0.327221 -0.085016 0.357766 -0.003316 0.000736 0.061919 0.101437 -0.000018 -0.267957 -0.045304 0.000187 -0.001078 0.000248 -0.000435 -0.000260 -0.048337 -0.173339 0.001404 -0.000436 0.230817 0.000219 -0.000472 0.043293 0.035929 0.000469 0.052831 0.331290 -0.005886 0.342698 -0.001502 0.089269 0.237152 0.000208 -0.000631 -0.000798 -0.144228 0.000132 -0.200754 -0.001457 0.082888 0.140854 -0.033005 -0.000230 -0.257057 0.309643 -0.000245 0.000152 0.654270 0.100458 -0.158387 -0.000032 -0.000092 -0.285172 0.215604 0.000035 -0.000152 -0.002703 0.178558
-0.001201 0.314635 -0.000069 0.240492 0.000014 -0.000199 0.113490 0.000022 0.481521 -0.204274 0.064510 0.000083 0.234066 0.357162 0.000076 0.067310 0.001414 -0.136880 0.001058 -0.001007 0.383599 -0.271272 -0.007365 -0.001876 0.208650 0.000087 0.000324 -0.000328 -0.000660 0.231940 0.109403 0.207108 0.049384 -0.036760 0.004377 0.150341 -0.000555 -0.000248 0.067866 0.208125 -0.000621 0.287928 0.005143 -0.000400 -0.000250 -0.000303 -0.001598 -0.000231 -0.001837 -0.008365 0.000167 0.106611 -0.000172 -0.000086 -0.000263 0.075143 -0.252717 0.093584 -0.002158 0.264690 -0.002534 0.045594 -0.000348 0.302670 0.001281 0.000666 -0.000608 -0.069612 0.000212 -0.000657 0.020464 0.278281 -0.040144 0.000836 -0.000041 -0.220699 0.116600 -0.000151 -0.260728 -0.000131 0.000992 -0.000963 -0.000877 -0.000176 -0.000418 -0.009258 -0.109605 -0.043732 0.001108 0.188905 -0.000154 0.000167 0.000179 0.326106 -0.001037 -0.078451 0.336159 0.026438 -0.007475 -0.000997 -0.003556 0.209917 0.000803 -0.000660 0.027156 -0.059965 -0.000673 -0.196547 -0.000169 -0.040408 0.150682 -0.020482 0.003135 -0.176677 0.040355 0.000654 0.000123 0.168343 -0.069554 0.227226 0.000065 0.013966 -0.265023 -0.043818 -0.000397 0.000030 0.000135 0.224504
0.042410 0.376871 -0.001836 0.007202 -0.000818 0.008505 -0.157525 0.000051 -0.056883 0.265692 -0.004685 -0.001195 -0.222205 0.107111 -0.000380 -0.005700 -0.015505 -0.030232 -0.002752 0.000170 0.405037 0.015458 -0.073951 0.001298 -0.185346 -0.001024 0.000426 0.000065 -0.000453 -0.076915 -0.110489 0.043424 -0.144945 0.048381 -0.000730 0.012681 -0.000230 -0.000071 -0.009886 0.089388 0.000117 0.153941 -0.013128 -0.001942 0.000643 0.013288 -0.002275 -0.001292 0.011489 -0.198939 -0.000017 0.026640 0.000713 -0.000391 -0.000031 -0.034374 -0.202913 -0.208535 0.001985 -0.005045 -0.356504 -0.000781 -0.001492 -0.074245 -0.000597 -0.000459 -0.000907 0.070184 0.001512 -0.000516 -0.128946 0.040980 -0.030847 -0.001776 0.000087 -0.009202 0.145897 0.000175 -0.330653 -0.024825 -0.000089 0.000359 -0.000310 0.000016 0.000183 -0.001181 0.000131 0.045655 -0.000783 0.384488 -0.020966 -0.000692 -0.000887 0.341290 -0.000727 0.048054 -0.005425 -0.164627 0.390302 0.000260 -0.009231 0.040501 -0.000609 -0.000401 0.001220 -0.107856 -0.000470 -0.147597 -0.001012 -0.133206 0.024151 -0.180789 -0.002019 -0.063731 -0.068536 0.000064 -0.000383 -0.018929 -0.001454 -0.189574 -0.000659 0.001934 -0.178982 0.000550 -0.000013 -0.000231 -0.044306 0.350334
