-0.091050
-0.164557
-0.006906
-0.415147
-0.030587
-0.957412
-0.635961
-0.078626
-0.389282
-0.007519
-0.364336
-0.462708
-0.115059
-0.682721
0.207803
-0.050251
-0.001279
-0.461635
0.856656
-0.010535
0.899288
-0.620331
1.131576
1.172158
-0.785747
-0.421412
-0.477821
-0.498933
-0.431640
-0.517543
-0.195191
-0.151434
-0.084269
0.673415
-0.708857
-0.260430
-0.802567
-0.739479
-1.206760
-0.395265
-0.007825
-0.839122
0.571045
-0.007067
-0.072374
0.161762
-0.331819
-0.067671
-0.646699
-0.010487
-0.003857
-0.076857
-0.013553
0.594663
-0.031801
0.689298
-0.595562
-0.296261
-0.284856
-0.008927
-0.646266
-0.882402
-0.710735
-0.419616
