-0.090904 -0.671237 0.004234 -0.323740 -0.025113 -0.194242 -0.299127 -0.071556 -0.267445 0.004813 -0.334603 -0.363737 -0.403456 -0.406753 -0.666653 -0.009939 0.000043 -0.341904 -1.226445 -0.006421 0.449394 -0.198560 -0.482764 -0.777946 -0.418978 0.102645 -0.106154 -0.208027 -0.063559 -0.306547 -0.753985 -0.838374 -0.053385 -0.634352 -0.217800 -0.030723 -0.179365 0.014302 -0.426422 -0.424362 -0.004715 0.009716 -0.585688 -0.000608 -0.015713 -0.825268 -0.136570 -0.001709 -0.093517 0.003593 0.001170 -0.055001 0.006086 -0.453966 0.000339 -1.100302 -0.096754 -0.660623 -0.079799 0.004836 -0.337851 -0.081333 -0.116731 -0.363108
-0.068773 -1.368082 -0.001391 -0.751078 0.017154 -0.429747 -0.301294 -0.067214 -0.216631 -0.002255 -0.491260 -0.190544 -0.543742 -0.335013 0.529823 -0.045891 -0.001427 -0.246184 -0.224870 -0.006780 -0.974201 -0.155875 -0.171238 -0.498076 -0.192237 -0.144892 -0.130749 -0.909708 -0.591960 -0.039874 -0.534428 -0.767669 0.079874 -0.560484 -0.468700 -0.158041 -0.499653 -0.401471 -0.029898 -0.492661 -0.003231 -0.223783 -0.520090 -0.000136 -0.014318 -0.244214 -0.144524 -0.014205 -0.221003 -0.006005 0.000323 -0.051112 -0.001593 -0.381410 0.026226 -0.191845 -0.286412 -0.125604 -0.127903 -0.001622 -0.092757 -0.892533 -0.928501 -0.326628
-0.071424 -0.553657 -0.004983 -0.806208 -0.022922 -0.213790 -1.076236 -0.070257 -0.144265 -0.004615 -0.065398 -0.791698 -0.425664 -0.090617 -0.190216 -0.034687 -0.001182 -0.370737 -0.269957 -0.006404 -0.182239 -0.239606 0.640583 -0.468762 -0.334214 -0.558590 0.106886 -0.427246 -0.217847 -0.679842 0.055797 -0.446788 -0.065260 -0.547275 -0.361629 -0.066844 -0.252823 -0.878365 -0.365564 0.038721 -0.004051 -0.357775 -0.637246 -0.000064 0.000449 -0.306417 -0.012206 0.039760 -0.064409 -0.005288 0.000116 -0.063107 -0.005450 -0.475461 -0.026855 -0.427718 -0.006522 -0.342147 0.011501 -0.004062 -0.055298 -0.492337 -0.998048 -0.209713
-0.080699 -0.070485 -0.000087 -0.307390 -0.001994 -0.282256 -0.297946 0.066828 -0.191263 -0.001041 -0.103112 -0.287752 -0.629693 -0.401184 -0.653535 -0.040169 -0.000010 -0.161339 -0.447711 -0.006213 -0.250816 -0.223203 -0.358904 -0.433163 -0.669875 -0.375000 -0.133217 -0.057045 -0.341147 -0.146600 -0.816818 -0.601952 -0.079653 -0.259745 -0.205339 -0.186472 0.180567 -0.577408 -0.140577 -0.790060 -0.005893 -0.496843 -0.401416 0.001263 0.018542 -0.970974 -0.081093 -0.005258 -0.093965 -0.005444 0.000647 -0.014474 0.000850 -0.791703 -0.023978 0.476831 -0.202111 -0.859382 -0.083114 -0.000427 -0.030631 -0.441073 -0.380736 -0.392398
-0.079879 -0.953684 -0.000298 -0.481477 -0.000460 -0.422201 -1.110567 -0.072104 -0.078444 -0.000770 -0.523929 -0.896029 -2.756012 -0.709005 -0.265014 -0.002642 0.000425 -0.125370 -0.367140 -0.004719 -0.322022 -0.324532 -0.303208 -0.240262 -0.358319 -0.110695 -0.159359 -0.829540 -0.572677 -0.361143 -0.358568 -0.963191 -0.002391 -1.617926 -0.033330 -0.064227 -0.949102 -0.814428 -0.178022 -1.140903 -0.005862 -0.150075 -0.185316 0.000319 -0.008796 0.408024 -0.082558 -0.038724 -0.170019 -0.005238 -0.000727 -0.055464 -0.001667 -0.380658 -0.001597 -1.200482 -0.480279 -0.069063 -0.019443 0.000149 -0.031129 -0.289510 -0.219183 -0.824534
0.060610 -0.367509 -0.001819 -0.482083 -0.000349 -0.186106 -0.545349 -0.010763 -0.217017 0.000667 -0.093946 -0.590768 -1.096457 -0.065992 -0.634489 -0.004972 -0.000076 0.018663 -0.438746 -0.007585 -0.001089 -0.318911 -0.611454 -0.166782 -0.373700 -0.456375 -0.087352 -0.177859 -0.758581 -0.454882 -0.660906 -0.570655 -0.073369 0.625195 -0.187797 -0.094366 -0.945570 -0.093071 -0.580011 -0.698458 -0.003274 -0.407539 -0.309525 -0.000396 -0.021132 -0.299074 -0.078264 -0.007805 -0.197400 -0.005537 0.000942 -0.044637 -0.000567 -0.025081 -0.028861 -0.145491 -0.090338 -0.986010 -0.005933 -0.001458 -0.161279 -0.617487 -0.093026 -0.276094
-0.094008 -0.899443 -0.005427 -0.869581 -0.000076 -0.282013 0.205724 -0.023141 -0.122755 -0.004828 -0.549629 -1.154567 -0.765779 -0.204440 -0.435286 -0.001592 -0.000404 -0.407803 -1.526054 -0.005233 -0.383140 -0.346362 -0.492957 -0.512132 -0.091435 -0.376497 0.051231 -0.747206 -0.438765 -0.586484 -1.031616 -0.507579 -0.007257 -0.665322 -0.326520 -0.024840 -0.073032 -0.372634 -0.141376 -0.540137 -0.004768 -0.346286 -3.374475 -0.000143 -0.020755 -0.324382 -0.093132 -0.002538 -0.183144 -0.001782 -0.002828 -0.054833 -0.006406 0.408595 -0.002659 -2.044127 -0.029773 -1.333666 -0.075378 -0.005429 0.001903 -0.136831 0.044932 -0.555330
-0.075211 -1.125978 -0.005756 0.113365 0.023989 -0.381804 -1.061741 -0.004971 -0.058969 -0.006748 -0.069203 -0.730031 -1.144765 0.216004 -0.230089 0.018380 -0.000154 -0.498781 0.414551 -0.006841 -0.831895 -0.197787 -0.571736 -0.944911 -0.281772 -1.411408 -0.216173 -0.377637 -0.247357 -0.116761 -0.551663 -0.411936 -0.043006 -0.968136 -0.221654 -0.095224 -0.593337 -0.604219 -0.623842 -0.393368 -0.004527 0.167219 -0.381970 -0.002288 -0.002294 -0.423719 -0.085965 -0.008830 -0.019307 -0.005815 0.000035 -0.060453 -0.003151 -2.199617 0.000034 -0.595407 -0.198450 -0.132147 -0.107251 -0.002398 -0.149240 -0.048312 -0.195509 -0.292793
0.050056 -0.034396 0.000144 -0.459741 -0.016391 -0.125768 -0.586607 -0.071618 -0.294168 -0.001809 -0.135552 -0.376292 0.279375 -0.120546 -0.243350 -0.030915 0.000896 -0.131652 -0.896314 0.005626 -0.530043 -0.252456 -0.602512 0.638720 -0.263782 -0.926780 -0.249493 -0.290786 -1.217426 -0.356714 -0.228100 -1.344536 -0.078193 -0.418347 -0.698688 0.039430 -0.957507 -0.195231 -0.491839 -0.634895 -0.005488 -0.326384 -0.474526 -0.000133 -0.025047 -0.414069 -0.082580 -0.042590 -0.084380 -0.006581 0.000404 -0.054744 -0.009174 -0.441505 -0.026856 -0.478748 -0.234276 -0.737634 -0.060704 -0.000134 -0.033397 -0.137700 -0.075427 -0.038186
-0.081315 -0.936053 0.000113 -0.288050 -0.000564 -0.264301 -1.372589 -0.074376 -0.211361 -0.001229 -0.029658 -0.100660 -0.468840 -0.357360 -0.532015 -0.039597 -0.000557 -0.322582 -0.157501 -0.008003 -0.616077 -0.258453 -1.070007 -0.189758 -0.902863 -0.349679 -0.212035 0.050494 -0.003714 -0.198536 -0.187743 -0.158686 -0.031589 -0.347209 -0.463199 -0.067996 -0.703335 -0.877659 -0.483713 -0.310951 0.004056 -0.574686 0.515587 -0.000108 -0.008082 -0.328111 -0.206578 -0.005821 -0.124750 -0.006266 -0.000327 0.037054 -0.004590 -1.504257 0.001338 -0.272591 -0.517882 -0.560918 -0.049173 -0.000136 -0.086138 -0.615870 -0.561087 -0.358842
