-0.579255
-0.000062
0.034920
0.360279
-0.007175
-0.644854
-0.202810
-0.000050
-0.050080
0.064832
-0.073120
-0.599737
-0.184091
-0.199573
-0.283351
-0.541365
0.244273
-0.169328
-0.000106
-0.585134
0.170221
-0.601775
-0.343720
0.092552
-0.000035
-0.112537
-0.632143
-0.233557
-0.272939
0.267220
-0.000151
-0.424908
-0.000037
-0.567973
0.321822
0.043973
-0.566561
-0.058135
0.008620
0.102899
-0.151453
0.038510
-0.252918
0.011903
-0.000030
-0.185132
-0.130265
0.053565
-0.377478
-0.078972
0.221626
-0.167886
-0.800304
0.247420
-0.571609
-0.001107
-0.000023
-0.000026
0.161326
-0.228450
-0.114017
0.110170
-0.001384
-0.448696
