-0.128791 0.000039 0.085978 -0.786229 -0.002434 -0.413796 0.205873 -0.000016 -0.380138 -1.218365 -0.826521 -0.409139 -0.289558 -0.575426 -0.226932 0.819306 -0.119485 -0.782847 0.000024 -1.092980 -0.846816 0.571728 -0.309485 -1.067426 -0.000061 -0.480828 -0.572519 0.072531 0.116819 -0.884604 0.000003 0.165295 -0.000090 0.640161 -0.611596 -0.505071 0.272354 -1.422764 -0.583173 -0.333397 -0.642725 -0.272972 0.084506 0.127942 0.000017 -0.275239 -0.034273 -0.397933 -0.146889 -0.047688 0.222664 -0.901096 -1.010981 -0.777674 -0.868350 0.000372 -0.000002 0.000025 -0.651641 -0.647644 -0.680755 -0.161850 -0.000020 -1.274864
-0.456967 -0.000008 -1.289325 0.164797 -0.006216 0.013787 -0.125133 -0.000084 0.132884 -1.409396 0.401866 0.022371 -0.537981 -1.055819 -0.635926 -0.169871 -0.309420 -0.441802 -0.000046 0.483802 -0.401002 -0.421475 -0.787901 0.485215 -0.000058 0.145057 -0.473860 -1.500773 -0.354864 0.258078 0.000131 -0.923747 -0.000041 -1.170757 0.095609 0.083252 -1.192470 -1.191634 0.070389 -0.635736 -0.594135 0.357974 0.079930 -0.813186 0.000010 -0.159788 -0.091730 -0.433104 0.758789 0.662068 -0.093138 -0.659702 0.079662 -0.195394 -0.288520 -0.000244 -0.000038 -0.000071 -0.959836 -0.044341 -0.225845 -0.716824 -0.000197 -0.258943
0.324552 -0.000008 -1.002273 -0.986025 -0.002801 -0.056333 -0.965011 -0.000007 0.159597 -0.436713 -0.467480 -0.365306 -0.725248 -0.181667 -0.711641 0.122168 0.315089 0.455941 -0.000060 -0.057616 -0.372857 0.330239 -0.286230 -1.179546 0.000007 0.572084 -0.607883 -0.318072 -0.102469 0.751581 0.000041 0.438336 -0.000063 -0.270719 -0.095966 0.583064 -0.450770 -0.153178 0.267584 -0.796584 -0.708166 -0.518483 -0.037521 0.197515 -0.000037 -0.824465 -0.187199 -0.635981 0.137868 -1.040574 -0.312508 -0.533279 -0.770328 -0.860738 0.173182 -0.000108 -0.000012 -0.000003 -0.632099 -1.107259 -0.174847 0.220672 -0.000231 0.442949
0.158245 -0.000005 -0.825159 -0.756682 -0.000058 0.592467 -0.137931 0.000009 -0.479506 -0.447587 -0.285974 0.569236 -0.637015 -0.444453 -0.457921 -0.708508 -0.286028 0.339026 -0.000001 -0.938229 -0.876346 -0.031381 -1.156627 0.154103 -0.000052 -0.306562 0.739243 -0.696637 0.363113 -0.519206 -0.000381 -0.384986 0.000019 -0.308264 -0.261878 -0.467195 -0.569897 0.378117 -0.772862 -0.748088 0.526137 0.172196 -0.802673 0.233752 -0.000059 0.387344 -0.060818 -0.798135 -0.807812 -0.572408 0.252039 0.464837 -0.917152 -0.635459 0.453436 0.000049 0.000008 -0.000009 -0.391733 -0.346781 0.084433 -0.371853 -0.000258 0.451607
-0.441350 -0.000001 -0.180929 -0.799058 -0.004291 -0.167347 0.132975 -0.000007 -0.354433 0.310567 0.607785 0.428889 0.137050 -1.088796 -0.972610 -0.455760 -0.743702 -1.495195 -0.000079 0.397341 0.423651 -0.968176 0.323430 -0.159762 -0.000024 -1.110273 -0.280040 -0.401193 -0.745172 -0.068005 0.000040 0.120755 0.000039 -0.598470 0.715547 -0.963329 -0.078749 -0.421933 0.165495 -0.733053 -0.576445 0.803327 -0.228720 -1.136854 0.000011 -1.194941 -0.067048 -0.387740 0.006617 -0.281551 -0.925805 -0.455562 0.148673 0.118549 -0.762594 -0.000518 0.000008 -0.000028 -0.466360 -1.021353 -0.366100 0.799877 -0.000872 -1.002830
-0.354229 0.000016 0.372102 0.712736 -0.003392 -0.507720 -0.218613 -0.000081 -0.251460 -0.069462 -0.296950 -0.664044 -0.480457 0.492788 0.690876 0.013260 -0.301940 -0.463261 -0.000017 -0.756016 -0.466644 0.029819 0.280332 0.125424 0.000031 -0.738510 -0.099871 -0.048513 -0.264502 -0.221987 -0.000047 -0.803306 -0.000006 0.227885 -0.008303 -0.406600 -0.582301 0.116547 0.061378 0.366936 -0.177338 -0.687651 -0.558705 -0.065361 -0.000053 0.261121 0.012701 0.016312 -0.452503 0.017939 0.396135 0.266213 -0.710185 -0.569044 -0.287343 -0.000267 0.000006 0.000005 0.959725 0.740713 -0.062944 -0.062189 0.000773 -0.136760
-0.403363 0.000018 0.166255 0.266162 0.006537 -0.242394 0.101100 0.000044 -0.178396 -1.049818 0.047305 0.174696 -0.987188 0.421448 -0.237350 -0.054640 0.677690 -1.140229 -0.000096 -0.555958 -0.953335 -0.424836 -0.560976 -1.699683 0.000026 -0.328193 -0.209144 -0.396016 -0.031756 -0.165640 -0.000179 -0.293711 -0.000000 0.035632 0.290265 -0.849636 0.487832 -1.371295 -0.660634 0.707039 -0.980674 0.501772 -0.120694 -0.312199 -0.000014 -0.487809 -0.133043 -0.760906 -0.320316 0.536331 -1.105105 -1.044980 -0.877726 -0.939886 -1.084569 -0.000129 0.000025 0.000043 -0.935766 -0.535975 -0.066201 0.226207 -0.000177 -1.178887
-0.732060 0.000065 0.406008 0.066256 0.007279 -0.065633 0.063264 0.000024 -0.066067 -0.269989 -0.297602 -0.026657 0.327697 -0.785345 -0.363735 0.113795 -0.818277 0.323156 0.000016 0.434803 -0.139692 -0.705956 -0.505561 -0.589551 -0.000077 0.307634 0.317730 -0.473486 0.291727 -0.396847 -0.000028 -0.129324 0.000002 -0.430805 -0.221166 0.329220 -0.916829 -0.497459 -0.556164 -0.946897 -0.322357 -0.450357 -0.382198 0.376500 -0.000003 -0.521708 -0.002085 0.869933 -0.406834 -1.121327 -0.639542 -0.715796 0.456627 0.509088 0.372975 -0.000367 0.000033 -0.000082 0.059258 0.314498 -0.725187 -0.871717 -0.000313 0.131060
-0.264405 0.000028 -0.540081 -0.021337 -0.007304 0.071355 -0.815439 -0.000020 0.655485 0.056599 -0.356518 -0.073688 -1.144882 -0.880783 0.140289 -0.573203 0.127527 -0.443149 -0.000018 -1.057753 -1.028686 -0.834259 -0.190909 -1.018244 0.000007 -0.924959 -0.777256 -0.569063 -0.402617 -0.558361 -0.000198 -0.403782 -0.000005 -0.046242 -0.381153 -0.939198 -0.325536 -0.378615 -0.752514 -0.360639 -0.636117 -0.240505 0.523260 -0.537149 0.000016 0.416697 -0.028157 -0.933439 -0.666798 -0.498866 -0.649090 -0.066824 -0.300207 -0.462767 -0.478011 0.000030 -0.000009 -0.000050 -0.319897 -0.205362 0.692224 -0.744911 -0.000794 -0.320295
0.495893 0.000017 -0.871705 -0.393959 -0.006262 -0.972439 -0.288296 0.000000 -0.876020 0.466416 -0.963327 -1.074255 0.473028 -0.470009 -0.424778 -0.315494 -0.561386 -1.125631 -0.000016 -0.724028 0.519983 0.057044 -0.446116 0.477207 -0.000025 -1.116157 -0.827586 0.362186 -1.026003 -0.409099 -0.000300 0.177710 -0.000030 -0.582704 -1.350721 -1.087225 -0.084981 0.335676 0.317994 -0.035368 0.451660 -1.201071 -0.715945 -0.114138 0.000040 -0.363797 0.013538 -0.158489 -0.022738 -0.205642 -0.338108 -0.273517 0.218864 0.403244 -0.911881 -0.000127 -0.000052 0.000020 -0.736333 -0.141227 -0.235578 -0.982214 -0.000064 -1.117668
